8 16777216 75240.0 75240.0 75240.0 3.56772270069 3.56772270069 3.56772270069 0.891930675173 0.891930675173 0.891930675173
16 8388608 37578.0 37578.0 37578.0 7.143420512 7.143420512 7.143420512 1.785855128 1.785855128 1.785855128
24 4194304 24750.0 24750.0 24750.0 8.13440775758 8.13440775758 8.13440775758 2.03360193939 2.03360193939 2.03360193939
32 4194304 26930.0 26930.0 26930.0 9.96789662087 9.96789662087 9.96789662087 2.49197415522 2.49197415522 2.49197415522
40 2097152 16143.0 16143.0 16143.0 10.3928736914 10.3928736914 10.3928736914 2.59821842285 2.59821842285 2.59821842285
48 2097152 18196.0 18196.0 18196.0 11.0643323807 11.0643323807 11.0643323807 2.76608309519 2.76608309519 2.76608309519
56 2097152 17750.0 17750.0 17750.0 13.2327337465 13.2327337465 13.2327337465 3.30818343662 3.30818343662 3.30818343662
64 2097152 16314.0 16314.0 16314.0 16.4543003555 16.4543003555 16.4543003555 4.11357508888 4.11357508888 4.11357508888
72 1048576 8766.0 8766.0 8766.0 17.2250677618 17.2250677618 17.2250677618 4.30626694045 4.30626694045 4.30626694045
80 1048576 8978.0 8978.0 8978.0 18.687030519 18.687030519 18.687030519 4.67175762976 4.67175762976 4.67175762976
88 1048576 11703.0 11703.0 11703.0 15.7694075023 15.7694075023 15.7694075023 3.94235187559 3.94235187559 3.94235187559
96 1048576 11496.0 11496.0 11496.0 17.5127515658 17.5127515658 17.5127515658 4.37818789144 4.37818789144 4.37818789144
104 1048576 12870.0 12870.0 12870.0 16.9466828283 16.9466828283 16.9466828283 4.23667070707 4.23667070707 4.23667070707
112 1048576 15516.0 15516.0 15516.0 15.1379881413 15.1379881413 15.1379881413 3.78449703532 3.78449703532 3.78449703532
120 1048576 19485.0 19485.0 19485.0 12.9154857583 12.9154857583 12.9154857583 3.22887143957 3.22887143957 3.22887143957
128 1048576 5117.0 5117.0 5117.0 52.4595380106 52.4595380106 52.4595380106 13.1148845026 13.1148845026 13.1148845026
136 524288 2302.0 2302.0 2302.0 61.9488861859 61.9488861859 61.9488861859 15.4872215465 15.4872215465 15.4872215465
144 524288 2937.0 2937.0 2937.0 51.4112849847 51.4112849847 51.4112849847 12.8528212462 12.8528212462 12.8528212462
152 524288 4294.0 4294.0 4294.0 37.1177345133 37.1177345133 37.1177345133 9.27943362832 9.27943362832 9.27943362832
160 524288 4478.0 4478.0 4478.0 37.4658686914 37.4658686914 37.4658686914 9.36646717285 9.36646717285 9.36646717285
176 524288 4826.0 4826.0 4826.0 38.2406498135 38.2406498135 38.2406498135 9.56016245338 9.56016245338 9.56016245338
192 524288 4902.0 4902.0 4902.0 41.0702962056 41.0702962056 41.0702962056 10.2675740514 10.2675740514 10.2675740514
208 524288 6213.0 6213.0 6213.0 35.1044274907 35.1044274907 35.1044274907 8.77610687269 8.77610687269 8.77610687269
224 524288 7610.0 7610.0 7610.0 30.8647863338 30.8647863338 30.8647863338 7.71619658344 7.71619658344 7.71619658344
240 524288 7507.0 7507.0 7507.0 33.5231437325 33.5231437325 33.5231437325 8.38078593313 8.38078593313 8.38078593313
264 262144 1318.0 1318.0 1318.0 105.016716237 105.016716237 105.016716237 26.2541790592 26.2541790592 26.2541790592
288 262144 1930.0 1930.0 1930.0 78.2357222798 78.2357222798 78.2357222798 19.5589305699 19.5589305699 19.5589305699
312 262144 2431.0 2431.0 2431.0 67.2882994652 67.2882994652 67.2882994652 16.8220748663 16.8220748663 16.8220748663
336 262144 3259.0 3259.0 3259.0 54.0536262657 54.0536262657 54.0536262657 13.5134065664 13.5134065664 13.5134065664
368 262144 3967.0 3967.0 3967.0 48.6357408621 48.6357408621 48.6357408621 12.1589352155 12.1589352155 12.1589352155
400 262144 2170.0 2170.0 2170.0 96.6429493088 96.6429493088 96.6429493088 24.1607373272 24.1607373272 24.1607373272
440 262144 3639.0 3639.0 3639.0 63.3928881561 63.3928881561 63.3928881561 15.848222039 15.848222039 15.848222039
480 262144 4326.0 4326.0 4326.0 58.1734257975 58.1734257975 58.1734257975 14.5433564494 14.5433564494 14.5433564494
528 131072 1295.0 1295.0 1295.0 106.881877992 106.881877992 106.881877992 26.7204694981 26.7204694981 26.7204694981
576 131072 1871.0 1871.0 1871.0 80.7028027793 80.7028027793 80.7028027793 20.1757006948 20.1757006948 20.1757006948
632 131072 2365.0 2365.0 2365.0 70.0528575053 70.0528575053 70.0528575053 17.5132143763 17.5132143763 17.5132143763
688 131072 1837.0 1837.0 1837.0 98.1791355471 98.1791355471 98.1791355471 24.5447838868 24.5447838868 24.5447838868
752 131072 2691.0 2691.0 2691.0 73.2561456708 73.2561456708 73.2561456708 18.3140364177 18.3140364177 18.3140364177
824 131072 2634.0 2634.0 2634.0 82.0070827639 82.0070827639 82.0070827639 20.501770691 20.501770691 20.501770691
904 131072 2116.0 2116.0 2116.0 111.993466919 111.993466919 111.993466919 27.9983667297 27.9983667297 27.9983667297
992 131072 3192.0 3192.0 3192.0 81.4683107769 81.4683107769 81.4683107769 20.3670776942 20.3670776942 20.3670776942
1088 65536 1269.0 1269.0 1269.0 112.376939322 112.376939322 112.376939322 28.0942348306 28.0942348306 28.0942348306
1192 65536 1239.0 1239.0 1239.0 126.09993866 126.09993866 126.09993866 31.5249846651 31.5249846651 31.5249846651
1304 65536 1387.0 1387.0 1387.0 123.228470079 123.228470079 123.228470079 30.8071175198 30.8071175198 30.8071175198
1432 65536 1428.0 1428.0 1428.0 131.439148459 131.439148459 131.439148459 32.8597871148 32.8597871148 32.8597871148
1568 65536 1484.0 1484.0 1484.0 138.491169811 138.491169811 138.491169811 34.6227924528 34.6227924528 34.6227924528
1720 65536 1716.0 1716.0 1716.0 131.377529138 131.377529138 131.377529138 32.8443822844 32.8443822844 32.8443822844
1888 65536 2128.0 2128.0 2128.0 116.289443609 116.289443609 116.289443609 29.0723609023 29.0723609023 29.0723609023
2072 32768 947.0 947.0 947.0 143.390276663 143.390276663 143.390276663 35.8475691658 35.8475691658 35.8475691658
2272 32768 2021.0 2021.0 2021.0 73.6753052944 73.6753052944 73.6753052944 18.4188263236 18.4188263236 18.4188263236
2496 32768 1800.0 1800.0 1800.0 90.8765866667 90.8765866667 90.8765866667 22.7191466667 22.7191466667 22.7191466667
2744 32768 1271.0 1271.0 1271.0 141.487634933 141.487634933 141.487634933 35.3719087333 35.3719087333 35.3719087333
3016 32768 1574.0 1574.0 1574.0 125.575969504 125.575969504 125.575969504 31.3939923761 31.3939923761 31.3939923761
3312 32768 2561.0 2561.0 2561.0 84.7540929324 84.7540929324 84.7540929324 21.1885232331 21.1885232331 21.1885232331
3640 32768 1938.0 1938.0 1938.0 123.091351909 123.091351909 123.091351909 30.7728379773 30.7728379773 30.7728379773
4000 32768 2064.0 2064.0 2064.0 127.007751938 127.007751938 127.007751938 31.7519379845 31.7519379845 31.7519379845
4400 16384 1389.0 1389.0 1389.0 103.800719942 103.800719942 103.800719942 25.9501799856 25.9501799856 25.9501799856
4840 16384 1277.0 1277.0 1277.0 124.195082224 124.195082224 124.195082224 31.048770556 31.048770556 31.048770556
5320 16384 1425.0 1425.0 1425.0 122.333866667 122.333866667 122.333866667 30.5834666667 30.5834666667 30.5834666667
5848 16384 1633.0 1633.0 1633.0 117.346763013 117.346763013 117.346763013 29.3366907532 29.3366907532 29.3366907532
6432 16384 1793.0 1793.0 1793.0 117.548118238 117.548118238 117.548118238 29.3870295594 29.3870295594 29.3870295594
7072 16384 1754.0 1754.0 1754.0 132.118184721 132.118184721 132.118184721 33.0295461802 33.0295461802 33.0295461802
7776 16384 1882.0 1882.0 1882.0 135.389993624 135.389993624 135.389993624 33.847498406 33.847498406 33.847498406
8552 8192 1344.0 1344.0 1344.0 104.252952381 104.252952381 104.252952381 26.0632380952 26.0632380952 26.0632380952
9400 8192 1218.0 1218.0 1218.0 126.444663383 126.444663383 126.444663383 31.6111658456 31.6111658456 31.6111658456
10336 8192 1314.0 1314.0 1314.0 128.877491629 128.877491629 128.877491629 32.2193729072 32.2193729072 32.2193729072
11368 8192 1395.0 1395.0 1395.0 133.514918996 133.514918996 133.514918996 33.3787297491 33.3787297491 33.3787297491
12504 8192 1620.0 1620.0 1620.0 126.460207407 126.460207407 126.460207407 31.6150518519 31.6150518519 31.6150518519
13752 8192 2182.0 2182.0 2182.0 103.259747021 103.259747021 103.259747021 25.8149367553 25.8149367553 25.8149367553
15120 8192 2162.0 2162.0 2162.0 114.581905643 114.581905643 114.581905643 28.6454764107 28.6454764107 28.6454764107
16632 4096 1082.0 1082.0 1082.0 125.923608133 125.923608133 125.923608133 31.4809020333 31.4809020333 31.4809020333
18288 4096 1165.0 1165.0 1165.0 128.596820601 128.596820601 128.596820601 32.1492051502 32.1492051502 32.1492051502
20112 4096 1250.0 1250.0 1250.0 131.8060032 131.8060032 131.8060032 32.9515008 32.9515008 32.9515008
22120 4096 1572.0 1572.0 1572.0 115.271653944 115.271653944 115.271653944 28.817913486 28.817913486 28.817913486
24328 4096 1464.0 1464.0 1464.0 136.130448087 136.130448087 136.130448087 34.0326120219 34.0326120219 34.0326120219
26760 4096 1882.0 1882.0 1882.0 116.481360255 116.481360255 116.481360255 29.1203400638 29.1203400638 29.1203400638
29432 4096 2262.0 2262.0 2262.0 106.59016092 106.59016092 106.59016092 26.6475402299 26.6475402299 26.6475402299
32368 4096 2194.0 2194.0 2194.0 120.856269827 120.856269827 120.856269827 30.2140674567 30.2140674567 30.2140674567
35600 2048 1385.0 1385.0 1385.0 105.283465704 105.283465704 105.283465704 26.320866426 26.320866426 26.320866426
39160 2048 1553.0 1553.0 1553.0 103.283554411 103.283554411 103.283554411 25.8208886027 25.8208886027 25.8208886027
43072 2048 1721.0 1721.0 1721.0 102.511860546 102.511860546 102.511860546 25.6279651365 25.6279651365 25.6279651365
47376 2048 1934.0 1934.0 1934.0 100.337174767 100.337174767 100.337174767 25.0842936918 25.0842936918 25.0842936918
52112 2048 2557.0 2557.0 2557.0 83.4770246382 83.4770246382 83.4770246382 20.8692561596 20.8692561596 20.8692561596
57320 2048 2383.0 2383.0 2383.0 98.5240117499 98.5240117499 98.5240117499 24.6310029375 24.6310029375 24.6310029375
63048 2048 2536.0 2536.0 2536.0 101.831470032 101.831470032 101.831470032 25.4578675079 25.4578675079 25.4578675079
69352 1024 1529.0 1529.0 1529.0 92.8926723349 92.8926723349 92.8926723349 23.2231680837 23.2231680837 23.2231680837
76280 1024 1663.0 1663.0 1663.0 93.9395309681 93.9395309681 93.9395309681 23.484882742 23.484882742 23.484882742
83904 1024 2404.0 2404.0 2404.0 71.4789484193 71.4789484193 71.4789484193 17.8697371048 17.8697371048 17.8697371048
92288 1024 2157.0 2157.0 2157.0 87.6243968475 87.6243968475 87.6243968475 21.9060992119 21.9060992119 21.9060992119
101512 1024 2557.0 2557.0 2557.0 81.3048791553 81.3048791553 81.3048791553 20.3262197888 20.3262197888 20.3262197888
111656 1024 2496.0 2496.0 2496.0 91.6151794872 91.6151794872 91.6151794872 22.9037948718 22.9037948718 22.9037948718
122816 1024 2593.0 2593.0 2593.0 97.0023787119 97.0023787119 97.0023787119 24.250594678 24.250594678 24.250594678
135096 512 1815.0 1815.0 1815.0 76.2194512397 76.2194512397 76.2194512397 19.0548628099 19.0548628099 19.0548628099
148600 512 1634.0 1634.0 1634.0 93.1250917993 93.1250917993 93.1250917993 23.2812729498 23.2812729498 23.2812729498
163456 512 2070.0 2070.0 2070.0 80.8593932367 80.8593932367 80.8593932367 20.2148483092 20.2148483092 20.2148483092
179800 512 2123.0 2123.0 2123.0 86.7240697127 86.7240697127 86.7240697127 21.6810174282 21.6810174282 21.6810174282
197776 512 2548.0 2548.0 2548.0 79.4829764521 79.4829764521 79.4829764521 19.870744113 19.870744113 19.870744113
217552 512 2329.0 2329.0 2329.0 95.6518883641 95.6518883641 95.6518883641 23.912972091 23.912972091 23.912972091
239304 512 2701.0 2701.0 2701.0 90.7246560533 90.7246560533 90.7246560533 22.6811640133 22.6811640133 22.6811640133
263232 256 1536.0 1536.0 1536.0 87.744 87.744 87.744 21.936 21.936 21.936
289552 256 1801.0 1801.0 1801.0 82.3157268184 82.3157268184 82.3157268184 20.5789317046 20.5789317046 20.5789317046
318504 256 1984.0 1984.0 1984.0 82.1945806452 82.1945806452 82.1945806452 20.5486451613 20.5486451613 20.5486451613
350352 256 2288.0 2288.0 2288.0 78.4004475524 78.4004475524 78.4004475524 19.6001118881 19.6001118881 19.6001118881
385384 256 3212.0 3212.0 3212.0 61.4310734745 61.4310734745 61.4310734745 15.3577683686 15.3577683686 15.3577683686
423920 256 3030.0 3030.0 3030.0 71.6326864686 71.6326864686 71.6326864686 17.9081716172 17.9081716172 17.9081716172
466312 256 3366.0 3366.0 3366.0 70.9304052288 70.9304052288 70.9304052288 17.7326013072 17.7326013072 17.7326013072
512936 256 3774.0 3774.0 3774.0 69.5875018548 69.5875018548 69.5875018548 17.3968754637 17.3968754637 17.3968754637
564224 128 2022.0 2022.0 2022.0 71.4348882295 71.4348882295 71.4348882295 17.8587220574 17.8587220574 17.8587220574
620640 128 2398.0 2398.0 2398.0 66.2568140117 66.2568140117 66.2568140117 16.5642035029 16.5642035029 16.5642035029
682704 128 2666.0 2666.0 2666.0 65.5559729932 65.5559729932 65.5559729932 16.3889932483 16.3889932483 16.3889932483
750968 128 2677.0 2677.0 2677.0 71.8146462458 71.8146462458 71.8146462458 17.9536615614 17.9536615614 17.9536615614
826064 128 3242.0 3242.0 3242.0 65.2289895126 65.2289895126 65.2289895126 16.3072473782 16.3072473782 16.3072473782
908664 128 3592.0 3592.0 3592.0 64.7600178174 64.7600178174 64.7600178174 16.1900044543 16.1900044543 16.1900044543
999528 128 4624.0 4624.0 4624.0 55.3371903114 55.3371903114 55.3371903114 13.8342975779 13.8342975779 13.8342975779
1099480 64 2211.0 2211.0 2211.0 63.6514880145 63.6514880145 63.6514880145 15.9128720036 15.9128720036 15.9128720036
1209424 64 2874.0 2874.0 2874.0 53.8643952679 53.8643952679 53.8643952679 13.466098817 13.466098817 13.466098817
1330360 64 2702.0 2702.0 2702.0 63.0222353812 63.0222353812 63.0222353812 15.7555588453 15.7555588453 15.7555588453
1463392 64 3458.0 3458.0 3458.0 54.1683562753 54.1683562753 54.1683562753 13.5420890688 13.5420890688 13.5420890688
1609728 64 3879.0 3879.0 3879.0 53.1181191029 53.1181191029 53.1181191029 13.2795297757 13.2795297757 13.2795297757
1770696 64 5153.0 5153.0 5153.0 43.9839099554 43.9839099554 43.9839099554 10.9959774888 10.9959774888 10.9959774888
1947760 64 4422.0 4422.0 4422.0 56.3802080507 56.3802080507 56.3802080507 14.0950520127 14.0950520127 14.0950520127
2142536 32 2327.0 2327.0 2327.0 58.9266454663 58.9266454663 58.9266454663 14.7316613666 14.7316613666 14.7316613666
2356784 32 3367.0 3367.0 3367.0 44.7977950698 44.7977950698 44.7977950698 11.1994487674 11.1994487674 11.1994487674
2592456 32 3927.0 3927.0 3927.0 42.2503651642 42.2503651642 42.2503651642 10.5625912911 10.5625912911 10.5625912911
2851696 32 5545.0 5545.0 5545.0 32.9140746619 32.9140746619 32.9140746619 8.22851866546 8.22851866546 8.22851866546
3136864 32 4692.0 4692.0 4692.0 42.7875737425 42.7875737425 42.7875737425 10.6968934356 10.6968934356 10.6968934356
3450544 32 6670.0 6670.0 6670.0 33.108668066 33.108668066 33.108668066 8.27716701649 8.27716701649 8.27716701649
3795592 32 7342.0 7342.0 7342.0 33.0860648325 33.0860648325 33.0860648325 8.27151620812 8.27151620812 8.27151620812
4175144 32 8203.0 8203.0 8203.0 32.5745722297 32.5745722297 32.5745722297 8.14364305742 8.14364305742 8.14364305742
4592656 16 3622.0 3622.0 3622.0 40.5756466041 40.5756466041 40.5756466041 10.143911651 10.143911651 10.143911651
5051920 16 5053.0 5053.0 5053.0 31.9931604987 31.9931604987 31.9931604987 7.99829012468 7.99829012468 7.99829012468
5557112 16 3895.0 3895.0 3895.0 45.6553489089 45.6553489089 45.6553489089 11.4138372272 11.4138372272 11.4138372272
6112816 16 4341.0 4341.0 4341.0 45.0610716425 45.0610716425 45.0610716425 11.2652679106 11.2652679106 11.2652679106
6724096 16 7608.0 7608.0 7608.0 28.282212408 28.282212408 28.282212408 7.070553102 7.070553102 7.070553102
7396504 16 9554.0 9554.0 9554.0 24.7737207452 24.7737207452 24.7737207452 6.19343018631 6.19343018631 6.19343018631
8136152 16 8615.0 8615.0 8615.0 30.2213423099 30.2213423099 30.2213423099 7.55533557748 7.55533557748 7.55533557748
8949760 8 4054.0 4054.0 4054.0 35.3221904292 35.3221904292 35.3221904292 8.8305476073 8.8305476073 8.8305476073
9844736 8 5443.0 5443.0 5443.0 28.939146794 28.939146794 28.939146794 7.23478669851 7.23478669851 7.23478669851
10829208 8 5056.0 5056.0 5056.0 34.2696455696 34.2696455696 34.2696455696 8.56741139241 8.56741139241 8.56741139241
11912128 8 5955.0 5955.0 5955.0 32.0057175483 32.0057175483 32.0057175483 8.00142938707 8.00142938707 8.00142938707
13103336 8 6746.0 6746.0 6746.0 31.0781761044 31.0781761044 31.0781761044 7.76954402609 7.76954402609 7.76954402609
14413664 8 7391.0 7391.0 7391.0 31.2026280612 31.2026280612 31.2026280612 7.80065701529 7.80065701529 7.80065701529
15855024 8 11804.0 11804.0 11804.0 21.4910525246 21.4910525246 21.4910525246 5.37276313114 5.37276313114 5.37276313114
17440520 4 4369.0 4369.0 4369.0 31.9350331884 31.9350331884 31.9350331884 7.98375829709 7.98375829709 7.98375829709
19184568 4 5837.0 5837.0 5837.0 26.2937371938 26.2937371938 26.2937371938 6.57343429844 6.57343429844 6.57343429844
21103024 4 7242.0 7242.0 7242.0 23.3118188346 23.3118188346 23.3118188346 5.82795470864 5.82795470864 5.82795470864
23213320 4 5723.0 5723.0 5723.0 32.4491630264 32.4491630264 32.4491630264 8.1122907566 8.1122907566 8.1122907566
25534648 4 10293.0 10293.0 10293.0 19.8462240358 19.8462240358 19.8462240358 4.96155600894 4.96155600894 4.96155600894
28088112 4 7937.0 7937.0 7937.0 28.3110616102 28.3110616102 28.3110616102 7.07776540255 7.07776540255 7.07776540255
30896920 4 7663.0 7663.0 7663.0 32.2556909826 32.2556909826 32.2556909826 8.06392274566 8.06392274566 8.06392274566
33986608 2 4202.0 4202.0 4202.0 32.3527920038 32.3527920038 32.3527920038 8.08819800095 8.08819800095 8.08819800095
37385264 2 4650.0 4650.0 4650.0 32.1593668817 32.1593668817 32.1593668817 8.03984172043 8.03984172043 8.03984172043
41123784 2 5437.0 5437.0 5437.0 30.2547610815 30.2547610815 30.2547610815 7.56369027037 7.56369027037 7.56369027037
45236160 2 6316.0 6316.0 6316.0 28.6486130462 28.6486130462 28.6486130462 7.16215326156 7.16215326156 7.16215326156
49759776 2 6391.0 6391.0 6391.0 31.1436557659 31.1436557659 31.1436557659 7.78591394148 7.78591394148 7.78591394148
54735752 2 6919.0 6919.0 6919.0 31.6437358 31.6437358 31.6437358 7.91093394999 7.91093394999 7.91093394999
60209320 2 17263.0 17263.0 17263.0 13.9510676012 13.9510676012 13.9510676012 3.48776690031 3.48776690031 3.48776690031
66230248 2 8867.0 8867.0 8867.0 29.877184166 29.877184166 29.877184166 7.4692960415 7.4692960415 7.4692960415
72853272 1 6961.0 6961.0 6961.0 20.9318408275 20.9318408275 20.9318408275 5.23296020687 5.23296020687 5.23296020687
80138592 1 7069.0 7069.0 7069.0 22.6732471354 22.6732471354 22.6732471354 5.66831178384 5.66831178384 5.66831178384
88152448 1 6687.0 6687.0 6687.0 26.3653201735 26.3653201735 26.3653201735 6.59133004337 6.59133004337 6.59133004337
96967688 1 7926.0 7926.0 7926.0 24.4682533434 24.4682533434 24.4682533434 6.11706333586 6.11706333586 6.11706333586
106664456 1 10755.0 10755.0 10755.0 19.8353242213 19.8353242213 19.8353242213 4.95883105532 4.95883105532 4.95883105532
117330896 1 11420.0 11420.0 11420.0 20.5483180385 20.5483180385 20.5483180385 5.13707950963 5.13707950963 5.13707950963
129063984 1 12265.0 12265.0 12265.0 21.0459003669 21.0459003669 21.0459003669 5.26147509172 5.26147509172 5.26147509172

META_DATA
ERT_VERSION  1.1.0
TIMESTAMP_DATA  1619566434.82
HOSTNAME  ('426aee97ceeb', [], ['172.17.0.2'])
UNAME  ('Linux', '426aee97ceeb', '5.10.25-linuxkit', '#1 SMP Tue Mar 23 09:27:39 UTC 2021', 'x86_64', 'x86_64')
FLOPS          4
CONFIG  {'ERT_WORKING_SET_MIN': ['1'], 'ERT_CFLAGS': ['-Ofast', '-march=native'], 'ERT_CC': ['cc'], 'ERT_MPI_CFLAGS': [], 'ERT_MPI_LDFLAGS': [], 'ERT_MEMORY_MAX': ['134217728', '#', '128MB'], 'ERT_LDFLAGS': [], 'ERT_LDLIBS': [], 'ERT_RUN': ['./ERT_CODE'], 'ERT_FLOPS': ['1,4,16,64'], 'ERT_OPENMP_CFLAGS': ['-fopenmp'], 'ERT_MPI': ['False'], 'ERT_TRIALS_MIN': ['1'], 'ERT_DRIVER': ['driver1'], 'ERT_RESULTS': ['Sequential'], 'ERT_OPENMP': ['False'], 'ERT_KERNEL': ['kernel1'], 'ERT_GPU': [False], 'ERT_LD': ['cc'], 'ERT_NUM_EXPERIMENTS': ['1'], 'ERT_OPENMP_LDFLAGS': ['-fopenmp'], 'ERT_ALIGN': ['64'], 'ERT_GNUPLOT': ['gnuplot']}
