8 16777216 676684.0 676684.0 676684.0 0.396692482754 0.396692482754 0.396692482754 1.58676993102 1.58676993102 1.58676993102
16 8388608 345342.0 345342.0 345342.0 0.777303241424 0.777303241424 0.777303241424 3.1092129657 3.1092129657 3.1092129657
24 4194304 186417.0 186417.0 186417.0 1.07997978725 1.07997978725 1.07997978725 4.319919149 4.319919149 4.319919149
32 4194304 174008.0 174008.0 174008.0 1.54266157878 1.54266157878 1.54266157878 6.17064631511 6.17064631511 6.17064631511
40 2097152 83112.0 83112.0 83112.0 2.01862739436 2.01862739436 2.01862739436 8.07450957744 8.07450957744 8.07450957744
48 2097152 93375.0 93375.0 93375.0 2.15610808032 2.15610808032 2.15610808032 8.62443232129 8.62443232129 8.62443232129
56 2097152 92875.0 92875.0 92875.0 2.52900160431 2.52900160431 2.52900160431 10.1160064172 10.1160064172 10.1160064172
64 2097152 90416.0 90416.0 90416.0 2.96889329322 2.96889329322 2.96889329322 11.8755731729 11.8755731729 11.8755731729
72 1048576 48473.0 48473.0 48473.0 3.11503195593 3.11503195593 3.11503195593 12.4601278237 12.4601278237 12.4601278237
80 1048576 55025.0 55025.0 55025.0 3.04901699228 3.04901699228 3.04901699228 12.1960679691 12.1960679691 12.1960679691
88 1048576 56850.0 56850.0 56850.0 3.24625111697 3.24625111697 3.24625111697 12.9850044679 12.9850044679 12.9850044679
96 1048576 45156.0 45156.0 45156.0 4.45846824342 4.45846824342 4.45846824342 17.8338729737 17.8338729737 17.8338729737
104 1048576 64188.0 64188.0 64188.0 3.39789069608 3.39789069608 3.39789069608 13.5915627843 13.5915627843 13.5915627843
112 1048576 58533.0 58533.0 58533.0 4.01279661046 4.01279661046 4.01279661046 16.0511864418 16.0511864418 16.0511864418
120 1048576 69578.0 69578.0 69578.0 3.61692259047 3.61692259047 3.61692259047 14.4676903619 14.4676903619 14.4676903619
128 1048576 48512.0 48512.0 48512.0 5.53338258575 5.53338258575 5.53338258575 22.133530343 22.133530343 22.133530343
136 524288 30795.0 30795.0 30795.0 4.63082760188 4.63082760188 4.63082760188 18.5233104075 18.5233104075 18.5233104075
144 524288 41158.0 41158.0 41158.0 3.6686657272 3.6686657272 3.6686657272 14.6746629088 14.6746629088 14.6746629088
152 524288 45270.0 45270.0 45270.0 3.52073231721 3.52073231721 3.52073231721 14.0829292688 14.0829292688 14.0829292688
160 524288 28681.0 28681.0 28681.0 5.8495924131 5.8495924131 5.8495924131 23.3983696524 23.3983696524 23.3983696524
176 524288 41885.0 41885.0 41885.0 4.40609707533 4.40609707533 4.40609707533 17.6243883013 17.6243883013 17.6243883013
192 524288 36013.0 36013.0 36013.0 5.59038658262 5.59038658262 5.59038658262 22.3615463305 22.3615463305 22.3615463305
208 524288 48198.0 48198.0 48198.0 4.52516303581 4.52516303581 4.52516303581 18.1006521432 18.1006521432 18.1006521432
224 524288 43294.0 43294.0 43294.0 5.42525578602 5.42525578602 5.42525578602 21.7010231441 21.7010231441 21.7010231441
240 524288 51717.0 51717.0 51717.0 4.86606415685 4.86606415685 4.86606415685 19.4642566274 19.4642566274 19.4642566274
264 262144 26976.0 26976.0 26976.0 5.13093238434 5.13093238434 5.13093238434 20.5237295374 20.5237295374 20.5237295374
288 262144 25710.0 25710.0 25710.0 5.87300443407 5.87300443407 5.87300443407 23.4920177363 23.4920177363 23.4920177363
312 262144 35084.0 35084.0 35084.0 4.66246311709 4.66246311709 4.66246311709 18.6498524684 18.6498524684 18.6498524684
336 262144 34268.0 34268.0 34268.0 5.14067841718 5.14067841718 5.14067841718 20.5627136687 20.5627136687 20.5627136687
368 262144 36959.0 36959.0 36959.0 5.22032479234 5.22032479234 5.22032479234 20.8812991693 20.8812991693 20.8812991693
400 262144 42162.0 42162.0 42162.0 4.97403348987 4.97403348987 4.97403348987 19.8961339595 19.8961339595 19.8961339595
440 262144 58691.0 58691.0 58691.0 3.93052972347 3.93052972347 3.93052972347 15.7221188939 15.7221188939 15.7221188939
480 262144 44464.0 44464.0 44464.0 5.65982007917 5.65982007917 5.65982007917 22.6392803167 22.6392803167 22.6392803167
528 131072 25848.0 25848.0 25848.0 5.35484493965 5.35484493965 5.35484493965 21.4193797586 21.4193797586 21.4193797586
576 131072 25627.0 25627.0 25627.0 5.89202575409 5.89202575409 5.89202575409 23.5681030163 23.5681030163 23.5681030163
632 131072 31663.0 31663.0 31663.0 5.23244822032 5.23244822032 5.23244822032 20.9297928813 20.9297928813 20.9297928813
688 131072 35159.0 35159.0 35159.0 5.12969856936 5.12969856936 5.12969856936 20.5187942774 20.5187942774 20.5187942774
752 131072 36130.0 36130.0 36130.0 5.45619396623 5.45619396623 5.45619396623 21.8247758649 21.8247758649 21.8247758649
824 131072 39577.0 39577.0 39577.0 5.45788351821 5.45788351821 5.45788351821 21.8315340728 21.8315340728 21.8315340728
904 131072 40725.0 40725.0 40725.0 5.81898529159 5.81898529159 5.81898529159 23.2759411664 23.2759411664 23.2759411664
992 131072 44851.0 44851.0 44851.0 5.79801672204 5.79801672204 5.79801672204 23.1920668881 23.1920668881 23.1920668881
1088 65536 25460.0 25460.0 25460.0 5.6011915161 5.6011915161 5.6011915161 22.4047660644 22.4047660644 22.4047660644
1192 65536 27840.0 27840.0 27840.0 5.6119908046 5.6119908046 5.6119908046 22.4479632184 22.4479632184 22.4479632184
1304 65536 31507.0 31507.0 31507.0 5.42475919637 5.42475919637 5.42475919637 21.6990367855 21.6990367855 21.6990367855
1432 65536 34961.0 34961.0 34961.0 5.36869952232 5.36869952232 5.36869952232 21.4747980893 21.4747980893 21.4747980893
1568 65536 37121.0 37121.0 37121.0 5.53651291722 5.53651291722 5.53651291722 22.1460516689 22.1460516689 22.1460516689
1720 65536 39620.0 39620.0 39620.0 5.69015244826 5.69015244826 5.69015244826 22.760609793 22.760609793 22.760609793
1888 65536 41099.0 41099.0 41099.0 6.02116684104 6.02116684104 6.02116684104 24.0846673642 24.0846673642 24.0846673642
2072 32768 24783.0 24783.0 24783.0 5.47918298834 5.47918298834 5.47918298834 21.9167319534 21.9167319534 21.9167319534
2272 32768 25183.0 25183.0 25183.0 5.91263121947 5.91263121947 5.91263121947 23.6505248779 23.6505248779 23.6505248779
2496 32768 27878.0 27878.0 27878.0 5.86763239831 5.86763239831 5.86763239831 23.4705295932 23.4705295932 23.4705295932
2744 32768 33732.0 33732.0 33732.0 5.33116281276 5.33116281276 5.33116281276 21.324651251 21.324651251 21.324651251
3016 32768 37046.0 37046.0 37046.0 5.3354363764 5.3354363764 5.3354363764 21.3417455056 21.3417455056 21.3417455056
3312 32768 38122.0 38122.0 38122.0 5.69370001574 5.69370001574 5.69370001574 22.774800063 22.774800063 22.774800063
3640 32768 40757.0 40757.0 40757.0 5.85300782688 5.85300782688 5.85300782688 23.4120313075 23.4120313075 23.4120313075
4000 32768 44477.0 44477.0 44477.0 5.89392270162 5.89392270162 5.89392270162 23.5756908065 23.5756908065 23.5756908065
4400 16384 24881.0 24881.0 24881.0 5.79475101483 5.79475101483 5.79475101483 23.1790040593 23.1790040593 23.1790040593
4840 16384 27155.0 27155.0 27155.0 5.84043896152 5.84043896152 5.84043896152 23.3617558461 23.3617558461 23.3617558461
5320 16384 29332.0 29332.0 29332.0 5.94319378154 5.94319378154 5.94319378154 23.7727751261 23.7727751261 23.7727751261
5848 16384 32120.0 32120.0 32120.0 5.96597957659 5.96597957659 5.96597957659 23.8639183064 23.8639183064 23.8639183064
6432 16384 36769.0 36769.0 36769.0 5.73210519731 5.73210519731 5.73210519731 22.9284207893 22.9284207893 22.9284207893
7072 16384 38736.0 38736.0 38736.0 5.98242709624 5.98242709624 5.98242709624 23.929708385 23.929708385 23.929708385
7776 16384 42275.0 42275.0 42275.0 6.02729670018 6.02729670018 6.02729670018 24.1091868007 24.1091868007 24.1091868007
8552 8192 24331.0 24331.0 24331.0 5.75874267396 5.75874267396 5.75874267396 23.0349706958 23.0349706958 23.0349706958
9400 8192 26827.0 26827.0 26827.0 5.74084318038 5.74084318038 5.74084318038 22.9633727215 22.9633727215 22.9633727215
10336 8192 28819.0 28819.0 28819.0 5.87615892293 5.87615892293 5.87615892293 23.5046356917 23.5046356917 23.5046356917
11368 8192 32318.0 32318.0 32318.0 5.76314474906 5.76314474906 5.76314474906 23.0525789962 23.0525789962 23.0525789962
12504 8192 35421.0 35421.0 35421.0 5.78373100703 5.78373100703 5.78373100703 23.1349240281 23.1349240281 23.1349240281
13752 8192 38358.0 38358.0 38358.0 5.87394462694 5.87394462694 5.87394462694 23.4957785077 23.4957785077 23.4957785077
15120 8192 41443.0 41443.0 41443.0 5.97751321092 5.97751321092 5.97751321092 23.9100528437 23.9100528437 23.9100528437
16632 4096 23949.0 23949.0 23949.0 5.68914543405 5.68914543405 5.68914543405 22.7565817362 22.7565817362 22.7565817362
18288 4096 25404.0 25404.0 25404.0 5.89731128956 5.89731128956 5.89731128956 23.5892451582 23.5892451582 23.5892451582
20112 4096 28660.0 28660.0 28660.0 5.74869169574 5.74869169574 5.74869169574 22.994766783 22.994766783 22.994766783
22120 4096 30498.0 30498.0 30498.0 5.94160403961 5.94160403961 5.94160403961 23.7664161584 23.7664161584 23.7664161584
24328 4096 33943.0 33943.0 33943.0 5.87146027163 5.87146027163 5.87146027163 23.4858410865 23.4858410865 23.4858410865
26760 4096 37357.0 37357.0 37357.0 5.86818855904 5.86818855904 5.86818855904 23.4727542362 23.4727542362 23.4727542362
29432 4096 43581.0 43581.0 43581.0 5.53238668227 5.53238668227 5.53238668227 22.1295467291 22.1295467291 22.1295467291
32368 4096 44140.0 44140.0 44140.0 6.0072192116 6.0072192116 6.0072192116 24.0288768464 24.0288768464 24.0288768464
35600 2048 24959.0 24959.0 24959.0 5.84228534797 5.84228534797 5.84228534797 23.3691413919 23.3691413919 23.3691413919
39160 2048 27574.0 27574.0 27574.0 5.817050845 5.817050845 5.817050845 23.26820338 23.26820338 23.26820338
43072 2048 29290.0 29290.0 29290.0 6.02331553431 6.02331553431 6.02331553431 24.0932621372 24.0932621372 24.0932621372
47376 2048 33306.0 33306.0 33306.0 5.82634047919 5.82634047919 5.82634047919 23.3053619168 23.3053619168 23.3053619168
52112 2048 36618.0 36618.0 36618.0 5.82912097875 5.82912097875 5.82912097875 23.316483915 23.316483915 23.316483915
57320 2048 39451.0 39451.0 39451.0 5.95124889103 5.95124889103 5.95124889103 23.8049955641 23.8049955641 23.8049955641
63048 2048 44787.0 44787.0 44787.0 5.76606175899 5.76606175899 5.76606175899 23.064247036 23.064247036 23.064247036
69352 1024 26055.0 26055.0 26055.0 5.45127215506 5.45127215506 5.45127215506 21.8050886202 21.8050886202 21.8050886202
76280 1024 25773.0 25773.0 25773.0 6.06143793893 6.06143793893 6.06143793893 24.2457517557 24.2457517557 24.2457517557
83904 1024 28910.0 28910.0 28910.0 5.94380463507 5.94380463507 5.94380463507 23.7752185403 23.7752185403 23.7752185403
92288 1024 32747.0 32747.0 32747.0 5.77169890372 5.77169890372 5.77169890372 23.0867956149 23.0867956149 23.0867956149
101512 1024 35825.0 35825.0 35825.0 5.80311447313 5.80311447313 5.80311447313 23.2124578925 23.2124578925 23.2124578925
111656 1024 39552.0 39552.0 39552.0 5.78154045307 5.78154045307 5.78154045307 23.1261618123 23.1261618123 23.1261618123
122816 1024 43274.0 43274.0 43274.0 5.81243166798 5.81243166798 5.81243166798 23.2497266719 23.2497266719 23.2497266719
135096 512 23592.0 23592.0 23592.0 5.8637802645 5.8637802645 5.8637802645 23.455121058 23.455121058 23.455121058
148600 512 25655.0 25655.0 25655.0 5.9312570649 5.9312570649 5.9312570649 23.7250282596 23.7250282596 23.7250282596
163456 512 28391.0 28391.0 28391.0 5.89549307879 5.89549307879 5.89549307879 23.5819723152 23.5819723152 23.5819723152
179800 512 31928.0 31928.0 31928.0 5.76657479328 5.76657479328 5.76657479328 23.0662991731 23.0662991731 23.0662991731
197776 512 35021.0 35021.0 35021.0 5.78289095114 5.78289095114 5.78289095114 23.1315638046 23.1315638046 23.1315638046
217552 512 39863.0 39863.0 39863.0 5.58847171563 5.58847171563 5.58847171563 22.3538868625 22.3538868625 22.3538868625
239304 512 42205.0 42205.0 42205.0 5.80612003317 5.80612003317 5.80612003317 23.2244801327 23.2244801327 23.2244801327
263232 256 23720.0 23720.0 23720.0 5.68190489039 5.68190489039 5.68190489039 22.7276195616 22.7276195616 22.7276195616
289552 256 25890.0 25890.0 25890.0 5.72617319428 5.72617319428 5.72617319428 22.9046927771 22.9046927771 22.9046927771
318504 256 27592.0 27592.0 27592.0 5.91019309945 5.91019309945 5.91019309945 23.6407723978 23.6407723978 23.6407723978
350352 256 30929.0 30929.0 30929.0 5.79974211905 5.79974211905 5.79974211905 23.1989684762 23.1989684762 23.1989684762
385384 256 33567.0 33567.0 33567.0 5.87829141717 5.87829141717 5.87829141717 23.5131656687 23.5131656687 23.5131656687
423920 256 37232.0 37232.0 37232.0 5.82958315428 5.82958315428 5.82958315428 23.3183326171 23.3183326171 23.3183326171
466312 256 41692.0 41692.0 41692.0 5.72656010745 5.72656010745 5.72656010745 22.9062404298 22.9062404298 22.9062404298
512936 256 44593.0 44593.0 44593.0 5.88933760904 5.88933760904 5.88933760904 23.5573504362 23.5573504362 23.5573504362
564224 128 24593.0 24593.0 24593.0 5.87327060546 5.87327060546 5.87327060546 23.4930824218 23.4930824218 23.4930824218
620640 128 26524.0 26524.0 26524.0 5.99019152466 5.99019152466 5.99019152466 23.9607660986 23.9607660986 23.9607660986
682704 128 31220.0 31220.0 31220.0 5.59808532992 5.59808532992 5.59808532992 22.3923413197 22.3923413197 22.3923413197
750968 128 34508.0 34508.0 34508.0 5.57110838067 5.57110838067 5.57110838067 22.2844335227 22.2844335227 22.2844335227
826064 128 37555.0 37555.0 37555.0 5.63100476634 5.63100476634 5.63100476634 22.5240190654 22.5240190654 22.5240190654
908664 128 40586.0 40586.0 40586.0 5.73148336865 5.73148336865 5.73148336865 22.9259334746 22.9259334746 22.9259334746
999528 128 44760.0 44760.0 44760.0 5.71669276139 5.71669276139 5.71669276139 22.8667710456 22.8667710456 22.8667710456
1099480 64 24850.0 24850.0 24850.0 5.66331750503 5.66331750503 5.66331750503 22.6532700201 22.6532700201 22.6532700201
1209424 64 28471.0 28471.0 28471.0 5.43733174107 5.43733174107 5.43733174107 21.7493269643 21.7493269643 21.7493269643
1330360 64 30190.0 30190.0 30190.0 5.64047962902 5.64047962902 5.64047962902 22.5619185161 22.5619185161 22.5619185161
1463392 64 32569.0 32569.0 32569.0 5.75130264976 5.75130264976 5.75130264976 23.005210599 23.005210599 23.005210599
1609728 64 36912.0 36912.0 36912.0 5.58206501951 5.58206501951 5.58206501951 22.328260078 22.328260078 22.328260078
1770696 64 40674.0 40674.0 40674.0 5.5723333825 5.5723333825 5.5723333825 22.28933353 22.28933353 22.28933353
1947760 64 45910.0 45910.0 45910.0 5.4304787628 5.4304787628 5.4304787628 21.7219150512 21.7219150512 21.7219150512
2142536 32 24515.0 24515.0 24515.0 5.59340420151 5.59340420151 5.59340420151 22.373616806 22.373616806 22.373616806
2356784 32 30689.0 30689.0 30689.0 4.91492639056 4.91492639056 4.91492639056 19.6597055623 19.6597055623 19.6597055623
2592456 32 29567.0 29567.0 29567.0 5.6115664085 5.6115664085 5.6115664085 22.446265634 22.446265634 22.446265634
2851696 32 33563.0 33563.0 33563.0 5.43778994726 5.43778994726 5.43778994726 21.7511597891 21.7511597891 21.7511597891
3136864 32 38685.0 38685.0 38685.0 5.18959017707 5.18959017707 5.18959017707 20.7583607083 20.7583607083 20.7583607083
3450544 32 41056.0 41056.0 41056.0 5.37886827747 5.37886827747 5.37886827747 21.5154731099 21.5154731099 21.5154731099
3795592 32 44460.0 44460.0 44460.0 5.46374017094 5.46374017094 5.46374017094 21.8549606838 21.8549606838 21.8549606838
4175144 32 50738.0 50738.0 50738.0 5.26645149592 5.26645149592 5.26645149592 21.0658059837 21.0658059837 21.0658059837
4592656 16 27311.0 27311.0 27311.0 5.38116480539 5.38116480539 5.38116480539 21.5246592216 21.5246592216 21.5246592216
5051920 16 30599.0 30599.0 30599.0 5.28322624922 5.28322624922 5.28322624922 21.1329049969 21.1329049969 21.1329049969
5557112 16 33818.0 33818.0 33818.0 5.25837080845 5.25837080845 5.25837080845 21.0334832338 21.0334832338 21.0334832338
6112816 16 38128.0 38128.0 38128.0 5.13035333613 5.13035333613 5.13035333613 20.5214133445 20.5214133445 20.5214133445
6724096 16 41109.0 41109.0 41109.0 5.23415972172 5.23415972172 5.23415972172 20.9366388869 20.9366388869 20.9366388869
7396504 16 32632.0 32632.0 32632.0 7.25325226771 7.25325226771 7.25325226771 29.0130090709 29.0130090709 29.0130090709
8136152 16 59574.0 59574.0 59574.0 4.37031026958 4.37031026958 4.37031026958 17.4812410783 17.4812410783 17.4812410783
8949760 8 27194.0 27194.0 27194.0 5.26572626315 5.26572626315 5.26572626315 21.0629050526 21.0629050526 21.0629050526
9844736 8 30415.0 30415.0 30415.0 5.17888462929 5.17888462929 5.17888462929 20.7155385172 20.7155385172 20.7155385172
10829208 8 32392.0 32392.0 32392.0 5.34907779699 5.34907779699 5.34907779699 21.3963111879 21.3963111879 21.3963111879
11912128 8 35542.0 35542.0 35542.0 5.36250205391 5.36250205391 5.36250205391 21.4500082156 21.4500082156 21.4500082156
13103336 8 42397.0 42397.0 42397.0 4.94500497677 4.94500497677 4.94500497677 19.7800199071 19.7800199071 19.7800199071
14413664 8 44683.0 44683.0 44683.0 5.16121621198 5.16121621198 5.16121621198 20.6448648479 20.6448648479 20.6448648479
15855024 8 49884.0 49884.0 49884.0 5.08540582151 5.08540582151 5.08540582151 20.341623286 20.341623286 20.341623286
17440520 4 26768.0 26768.0 26768.0 5.21234907352 5.21234907352 5.21234907352 20.8493962941 20.8493962941 20.8493962941
19184568 4 29924.0 29924.0 29924.0 5.12887795749 5.12887795749 5.12887795749 20.51551183 20.51551183 20.51551183
21103024 4 31839.0 31839.0 31839.0 5.30243387041 5.30243387041 5.30243387041 21.2097354816 21.2097354816 21.2097354816
23213320 4 37372.0 37372.0 37372.0 4.96913625174 4.96913625174 4.96913625174 19.876545007 19.876545007 19.876545007
25534648 4 37920.0 37920.0 37920.0 5.38705654008 5.38705654008 5.38705654008 21.5482261603 21.5482261603 21.5482261603
28088112 4 43327.0 43327.0 43327.0 5.1862555912 5.1862555912 5.1862555912 20.7450223648 20.7450223648 20.7450223648
30896920 4 48469.0 48469.0 48469.0 5.09965875095 5.09965875095 5.09965875095 20.3986350038 20.3986350038 20.3986350038
33986608 2 25467.0 25467.0 25467.0 5.33814080968 5.33814080968 5.33814080968 21.3525632387 21.3525632387 21.3525632387
37385264 2 28121.0 28121.0 28121.0 5.31777162974 5.31777162974 5.31777162974 21.271086519 21.271086519 21.271086519
41123784 2 30968.0 30968.0 30968.0 5.31177783518 5.31177783518 5.31177783518 21.2471113407 21.2471113407 21.2471113407
45236160 2 37096.0 37096.0 37096.0 4.87773991805 4.87773991805 4.87773991805 19.5109596722 19.5109596722 19.5109596722
49759776 2 38297.0 38297.0 38297.0 5.19725054182 5.19725054182 5.19725054182 20.7890021673 20.7890021673 20.7890021673
54735752 2 44054.0 44054.0 44054.0 4.96987805875 4.96987805875 4.96987805875 19.879512235 19.879512235 19.879512235
60209320 2 45412.0 45412.0 45412.0 5.30338412754 5.30338412754 5.30338412754 21.2135365102 21.2135365102 21.2135365102
66230248 2 50716.0 50716.0 50716.0 5.22361763546 5.22361763546 5.22361763546 20.8944705418 20.8944705418 20.8944705418
72853272 1 27227.0 27227.0 27227.0 5.35154603886 5.35154603886 5.35154603886 21.4061841554 21.4061841554 21.4061841554
80138592 1 30861.0 30861.0 30861.0 5.19351881015 5.19351881015 5.19351881015 20.7740752406 20.7740752406 20.7740752406
88152448 1 32997.0 32997.0 32997.0 5.34305833864 5.34305833864 5.34305833864 21.3722333545 21.3722333545 21.3722333545
96967688 1 36429.0 36429.0 36429.0 5.3236535727 5.3236535727 5.3236535727 21.2946142908 21.2946142908 21.2946142908
106664456 1 39408.0 39408.0 39408.0 5.41334023549 5.41334023549 5.41334023549 21.6533609419 21.6533609419 21.6533609419
117330896 1 45035.0 45035.0 45035.0 5.21065375819 5.21065375819 5.21065375819 20.8426150328 20.8426150328 20.8426150328
129063984 1 47614.0 47614.0 47614.0 5.42126198177 5.42126198177 5.42126198177 21.6850479271 21.6850479271 21.6850479271

META_DATA
ERT_VERSION  1.1.0
HOSTNAME  ('426aee97ceeb', [], ['172.17.0.2'])
UNAME  ('Linux', '426aee97ceeb', '5.10.25-linuxkit', '#1 SMP Tue Mar 23 09:27:39 UTC 2021', 'x86_64', 'x86_64')
FLOPS          64
TIMESTAMP_DATA  1619566442.15
CONFIG  {'ERT_WORKING_SET_MIN': ['1'], 'ERT_CFLAGS': ['-Ofast', '-march=native'], 'ERT_CC': ['cc'], 'ERT_MPI_CFLAGS': [], 'ERT_MPI_LDFLAGS': [], 'ERT_MEMORY_MAX': ['134217728', '#', '128MB'], 'ERT_LDFLAGS': [], 'ERT_LDLIBS': [], 'ERT_RUN': ['./ERT_CODE'], 'ERT_FLOPS': ['1,4,16,64'], 'ERT_OPENMP_CFLAGS': ['-fopenmp'], 'ERT_MPI': ['False'], 'ERT_TRIALS_MIN': ['1'], 'ERT_DRIVER': ['driver1'], 'ERT_RESULTS': ['Sequential'], 'ERT_OPENMP': ['False'], 'ERT_KERNEL': ['kernel1'], 'ERT_GPU': [False], 'ERT_LD': ['cc'], 'ERT_NUM_EXPERIMENTS': ['1'], 'ERT_OPENMP_LDFLAGS': ['-fopenmp'], 'ERT_ALIGN': ['64'], 'ERT_GNUPLOT': ['gnuplot']}
