8 16777216 206713.0 206713.0 206713.0 1.29859010319 1.29859010319 1.29859010319 1.29859010319 1.29859010319 1.29859010319
16 8388608 96353.0 96353.0 96353.0 2.78595846523 2.78595846523 2.78595846523 2.78595846523 2.78595846523 2.78595846523
24 4194304 45746.0 45746.0 45746.0 4.40096602982 4.40096602982 4.40096602982 4.40096602982 4.40096602982 4.40096602982
32 4194304 47564.0 47564.0 47564.0 5.64366865697 5.64366865697 5.64366865697 5.64366865697 5.64366865697 5.64366865697
40 2097152 24234.0 24234.0 24234.0 6.92300734505 6.92300734505 6.92300734505 6.92300734505 6.92300734505 6.92300734505
48 2097152 26213.0 26213.0 26213.0 7.68041017816 7.68041017816 7.68041017816 7.68041017816 7.68041017816 7.68041017816
56 2097152 25776.0 25776.0 25776.0 9.11239230292 9.11239230292 9.11239230292 9.11239230292 9.11239230292 9.11239230292
64 2097152 26174.0 26174.0 26174.0 10.2558056086 10.2558056086 10.2558056086 10.2558056086 10.2558056086 10.2558056086
72 1048576 12011.0 12011.0 12011.0 12.5713882275 12.5713882275 12.5713882275 12.5713882275 12.5713882275 12.5713882275
80 1048576 12590.0 12590.0 12590.0 13.3258268467 13.3258268467 13.3258268467 13.3258268467 13.3258268467 13.3258268467
88 1048576 12546.0 12546.0 12546.0 14.7098179499 14.7098179499 14.7098179499 14.7098179499 14.7098179499 14.7098179499
96 1048576 13180.0 13180.0 13180.0 15.2751587253 15.2751587253 15.2751587253 15.2751587253 15.2751587253 15.2751587253
104 1048576 14139.0 14139.0 14139.0 15.4256883797 15.4256883797 15.4256883797 15.4256883797 15.4256883797 15.4256883797
112 1048576 13491.0 13491.0 13491.0 17.4102011712 17.4102011712 17.4102011712 17.4102011712 17.4102011712 17.4102011712
120 1048576 12858.0 12858.0 12858.0 19.5721138591 19.5721138591 19.5721138591 19.5721138591 19.5721138591 19.5721138591
128 1048576 12107.0 12107.0 12107.0 22.1719216982 22.1719216982 22.1719216982 22.1719216982 22.1719216982 22.1719216982
136 524288 5979.0 5979.0 5979.0 23.8512018732 23.8512018732 23.8512018732 23.8512018732 23.8512018732 23.8512018732
144 524288 7306.0 7306.0 7306.0 20.6672521215 20.6672521215 20.6672521215 20.6672521215 20.6672521215 20.6672521215
152 524288 6998.0 6998.0 6998.0 22.7755861675 22.7755861675 22.7755861675 22.7755861675 22.7755861675 22.7755861675
160 524288 6085.0 6085.0 6085.0 27.5714313887 27.5714313887 27.5714313887 27.5714313887 27.5714313887 27.5714313887
176 524288 7827.0 7827.0 7827.0 23.5785583238 23.5785583238 23.5785583238 23.5785583238 23.5785583238 23.5785583238
192 524288 7304.0 7304.0 7304.0 27.5638817087 27.5638817087 27.5638817087 27.5638817087 27.5638817087 27.5638817087
208 524288 7723.0 7723.0 7723.0 28.2408141914 28.2408141914 28.2408141914 28.2408141914 28.2408141914 28.2408141914
224 524288 6383.0 6383.0 6383.0 36.7979044337 36.7979044337 36.7979044337 36.7979044337 36.7979044337 36.7979044337
240 524288 9535.0 9535.0 9535.0 26.3931033036 26.3931033036 26.3931033036 26.3931033036 26.3931033036 26.3931033036
264 262144 5740.0 5740.0 5740.0 24.1135944251 24.1135944251 24.1135944251 24.1135944251 24.1135944251 24.1135944251
288 262144 3717.0 3717.0 3717.0 40.6227990315 40.6227990315 40.6227990315 40.6227990315 40.6227990315 40.6227990315
312 262144 5586.0 5586.0 5586.0 29.2835402793 29.2835402793 29.2835402793 29.2835402793 29.2835402793 29.2835402793
336 262144 4742.0 4742.0 4742.0 37.1490442851 37.1490442851 37.1490442851 37.1490442851 37.1490442851 37.1490442851
368 262144 6382.0 6382.0 6382.0 30.2315863366 30.2315863366 30.2315863366 30.2315863366 30.2315863366 30.2315863366
400 262144 6738.0 6738.0 6738.0 31.1242505194 31.1242505194 31.1242505194 31.1242505194 31.1242505194 31.1242505194
440 262144 6901.0 6901.0 6901.0 33.4280133314 33.4280133314 33.4280133314 33.4280133314 33.4280133314 33.4280133314
480 262144 6197.0 6197.0 6197.0 40.609688559 40.609688559 40.609688559 40.609688559 40.609688559 40.609688559
528 131072 3627.0 3627.0 3627.0 38.1615748553 38.1615748553 38.1615748553 38.1615748553 38.1615748553 38.1615748553
576 131072 4500.0 4500.0 4500.0 33.554432 33.554432 33.554432 33.554432 33.554432 33.554432
632 131072 4589.0 4589.0 4589.0 36.1026384833 36.1026384833 36.1026384833 36.1026384833 36.1026384833 36.1026384833
688 131072 7055.0 7055.0 7055.0 25.5641491141 25.5641491141 25.5641491141 25.5641491141 25.5641491141 25.5641491141
752 131072 5949.0 5949.0 5949.0 33.1370462263 33.1370462263 33.1370462263 33.1370462263 33.1370462263 33.1370462263
824 131072 5802.0 5802.0 5802.0 37.2296890727 37.2296890727 37.2296890727 37.2296890727 37.2296890727 37.2296890727
904 131072 5958.0 5958.0 5958.0 39.7747861699 39.7747861699 39.7747861699 39.7747861699 39.7747861699 39.7747861699
992 131072 6141.0 6141.0 6141.0 42.3460100961 42.3460100961 42.3460100961 42.3460100961 42.3460100961 42.3460100961
1088 65536 3483.0 3483.0 3483.0 40.9435360322 40.9435360322 40.9435360322 40.9435360322 40.9435360322 40.9435360322
1192 65536 3875.0 3875.0 3875.0 40.3194384516 40.3194384516 40.3194384516 40.3194384516 40.3194384516 40.3194384516
1304 65536 4413.0 4413.0 4413.0 38.7305433945 38.7305433945 38.7305433945 38.7305433945 38.7305433945 38.7305433945
1432 65536 4341.0 4341.0 4341.0 43.2377571988 43.2377571988 43.2377571988 43.2377571988 43.2377571988 43.2377571988
1568 65536 4742.0 4742.0 4742.0 43.340551666 43.340551666 43.340551666 43.340551666 43.340551666 43.340551666
1720 65536 5353.0 5353.0 5353.0 42.115419391 42.115419391 42.115419391 42.115419391 42.115419391 42.115419391
1888 65536 6041.0 6041.0 6041.0 40.9640682006 40.9640682006 40.9640682006 40.9640682006 40.9640682006 40.9640682006
2072 32768 3261.0 3261.0 3261.0 41.640782582 41.640782582 41.640782582 41.640782582 41.640782582 41.640782582
2272 32768 3378.0 3378.0 3378.0 44.0786832445 44.0786832445 44.0786832445 44.0786832445 44.0786832445 44.0786832445
2496 32768 3653.0 3653.0 3653.0 44.7790462633 44.7790462633 44.7790462633 44.7790462633 44.7790462633 44.7790462633
2744 32768 4358.0 4358.0 4358.0 41.2645213401 41.2645213401 41.2645213401 41.2645213401 41.2645213401 41.2645213401
3016 32768 5879.0 5879.0 5879.0 33.6207817656 33.6207817656 33.6207817656 33.6207817656 33.6207817656 33.6207817656
3312 32768 4991.0 4991.0 4991.0 43.4893271889 43.4893271889 43.4893271889 43.4893271889 43.4893271889 43.4893271889
3640 32768 6331.0 6331.0 6331.0 37.679835729 37.679835729 37.679835729 37.679835729 37.679835729 37.679835729
4000 32768 6935.0 6935.0 6935.0 37.8001441961 37.8001441961 37.8001441961 37.8001441961 37.8001441961 37.8001441961
4400 16384 4057.0 4057.0 4057.0 35.5383781119 35.5383781119 35.5383781119 35.5383781119 35.5383781119 35.5383781119
4840 16384 3746.0 3746.0 3746.0 42.3377255739 42.3377255739 42.3377255739 42.3377255739 42.3377255739 42.3377255739
5320 16384 4004.0 4004.0 4004.0 43.5379020979 43.5379020979 43.5379020979 43.5379020979 43.5379020979 43.5379020979
5848 16384 4308.0 4308.0 4308.0 44.4817233055 44.4817233055 44.4817233055 44.4817233055 44.4817233055 44.4817233055
6432 16384 5252.0 5252.0 5252.0 40.1301934501 40.1301934501 40.1301934501 40.1301934501 40.1301934501 40.1301934501
7072 16384 5298.0 5298.0 5298.0 43.7401464704 43.7401464704 43.7401464704 43.7401464704 43.7401464704 43.7401464704
7776 16384 6536.0 6536.0 6536.0 38.9846952264 38.9846952264 38.9846952264 38.9846952264 38.9846952264 38.9846952264
8552 8192 3741.0 3741.0 3741.0 37.4541480887 37.4541480887 37.4541480887 37.4541480887 37.4541480887 37.4541480887
9400 8192 3521.0 3521.0 3521.0 43.7403010508 43.7403010508 43.7403010508 43.7403010508 43.7403010508 43.7403010508
10336 8192 3856.0 3856.0 3856.0 43.9172780083 43.9172780083 43.9172780083 43.9172780083 43.9172780083 43.9172780083
11368 8192 4468.0 4468.0 4468.0 41.6860590868 41.6860590868 41.6860590868 41.6860590868 41.6860590868 41.6860590868
12504 8192 4902.0 4902.0 4902.0 41.7922350061 41.7922350061 41.7922350061 41.7922350061 41.7922350061 41.7922350061
13752 8192 5773.0 5773.0 5773.0 39.02871436 39.02871436 39.02871436 39.02871436 39.02871436 39.02871436
15120 8192 5776.0 5776.0 5776.0 42.8888642659 42.8888642659 42.8888642659 42.8888642659 42.8888642659 42.8888642659
16632 4096 3248.0 3248.0 3248.0 41.9486896552 41.9486896552 41.9486896552 41.9486896552 41.9486896552 41.9486896552
18288 4096 3227.0 3227.0 3227.0 46.4255643012 46.4255643012 46.4255643012 46.4255643012 46.4255643012 46.4255643012
20112 4096 3825.0 3825.0 3825.0 43.0738572549 43.0738572549 43.0738572549 43.0738572549 43.0738572549 43.0738572549
22120 4096 5098.0 5098.0 5098.0 35.5447312672 35.5447312672 35.5447312672 35.5447312672 35.5447312672 35.5447312672
24328 4096 4854.0 4854.0 4854.0 41.0578854553 41.0578854553 41.0578854553 41.0578854553 41.0578854553 41.0578854553
26760 4096 4991.0 4991.0 4991.0 43.9226447606 43.9226447606 43.9226447606 43.9226447606 43.9226447606 43.9226447606
29432 4096 7376.0 7376.0 7376.0 32.6880347072 32.6880347072 32.6880347072 32.6880347072 32.6880347072 32.6880347072
32368 4096 6274.0 6274.0 6274.0 42.2630946764 42.2630946764 42.2630946764 42.2630946764 42.2630946764 42.2630946764
35600 2048 4656.0 4656.0 4656.0 31.3182130584 31.3182130584 31.3182130584 31.3182130584 31.3182130584 31.3182130584
39160 2048 4384.0 4384.0 4384.0 36.5874452555 36.5874452555 36.5874452555 36.5874452555 36.5874452555 36.5874452555
43072 2048 5334.0 5334.0 5334.0 33.0751616048 33.0751616048 33.0751616048 33.0751616048 33.0751616048 33.0751616048
47376 2048 5931.0 5931.0 5931.0 32.718276176 32.718276176 32.718276176 32.718276176 32.718276176 32.718276176
52112 2048 5969.0 5969.0 5969.0 35.7598847378 35.7598847378 35.7598847378 35.7598847378 35.7598847378 35.7598847378
57320 2048 6863.0 6863.0 6863.0 34.2099256885 34.2099256885 34.2099256885 34.2099256885 34.2099256885 34.2099256885
63048 2048 7536.0 7536.0 7536.0 34.2681273885 34.2681273885 34.2681273885 34.2681273885 34.2681273885 34.2681273885
69352 1024 3806.0 3806.0 3806.0 37.3181544929 37.3181544929 37.3181544929 37.3181544929 37.3181544929 37.3181544929
76280 1024 4257.0 4257.0 4257.0 36.6975428706 36.6975428706 36.6975428706 36.6975428706 36.6975428706 36.6975428706
83904 1024 4729.0 4729.0 4729.0 36.336517657 36.336517657 36.336517657 36.336517657 36.336517657 36.336517657
92288 1024 7541.0 7541.0 7541.0 25.0637613049 25.0637613049 25.0637613049 25.0637613049 25.0637613049 25.0637613049
101512 1024 6573.0 6573.0 6573.0 31.6288720523 31.6288720523 31.6288720523 31.6288720523 31.6288720523 31.6288720523
111656 1024 6291.0 6291.0 6291.0 36.348988714 36.348988714 36.348988714 36.348988714 36.348988714 36.348988714
122816 1024 8466.0 8466.0 8466.0 29.7102726199 29.7102726199 29.7102726199 29.7102726199 29.7102726199 29.7102726199
135096 512 4689.0 4689.0 4689.0 29.5027306462 29.5027306462 29.5027306462 29.5027306462 29.5027306462 29.5027306462
148600 512 4738.0 4738.0 4738.0 32.1161671591 32.1161671591 32.1161671591 32.1161671591 32.1161671591 32.1161671591
163456 512 5378.0 5378.0 5378.0 31.1228977315 31.1228977315 31.1228977315 31.1228977315 31.1228977315 31.1228977315
179800 512 6038.0 6038.0 6038.0 30.4927459424 30.4927459424 30.4927459424 30.4927459424 30.4927459424 30.4927459424
197776 512 7390.0 7390.0 7390.0 27.4049558863 27.4049558863 27.4049558863 27.4049558863 27.4049558863 27.4049558863
217552 512 6928.0 6928.0 6928.0 32.1554919169 32.1554919169 32.1554919169 32.1554919169 32.1554919169 32.1554919169
239304 512 7600.0 7600.0 7600.0 32.2430652632 32.2430652632 32.2430652632 32.2430652632 32.2430652632 32.2430652632
263232 256 3971.0 3971.0 3971.0 33.9397592546 33.9397592546 33.9397592546 33.9397592546 33.9397592546 33.9397592546
289552 256 5133.0 5133.0 5133.0 28.8818671342 28.8818671342 28.8818671342 28.8818671342 28.8818671342 28.8818671342
318504 256 5160.0 5160.0 5160.0 31.6034976744 31.6034976744 31.6034976744 31.6034976744 31.6034976744 31.6034976744
350352 256 5454.0 5454.0 5454.0 32.8896633663 32.8896633663 32.8896633663 32.8896633663 32.8896633663 32.8896633663
385384 256 5873.0 5873.0 5873.0 33.5972429763 33.5972429763 33.5972429763 33.5972429763 33.5972429763 33.5972429763
423920 256 6689.0 6689.0 6689.0 32.4483540141 32.4483540141 32.4483540141 32.4483540141 32.4483540141 32.4483540141
466312 256 7463.0 7463.0 7463.0 31.9913900576 31.9913900576 31.9913900576 31.9913900576 31.9913900576 31.9913900576
512936 256 7962.0 7962.0 7962.0 32.9845807586 32.9845807586 32.9845807586 32.9845807586 32.9845807586 32.9845807586
564224 128 4556.0 4556.0 4556.0 31.7035434592 31.7035434592 31.7035434592 31.7035434592 31.7035434592 31.7035434592
620640 128 5491.0 5491.0 5491.0 28.9353196139 28.9353196139 28.9353196139 28.9353196139 28.9353196139 28.9353196139
682704 128 5632.0 5632.0 5632.0 31.032 31.032 31.032 31.032 31.032 31.032
750968 128 5728.0 5728.0 5728.0 33.5628156425 33.5628156425 33.5628156425 33.5628156425 33.5628156425 33.5628156425
826064 128 6799.0 6799.0 6799.0 31.1034540374 31.1034540374 31.1034540374 31.1034540374 31.1034540374 31.1034540374
908664 128 6986.0 6986.0 6986.0 33.2977360435 33.2977360435 33.2977360435 33.2977360435 33.2977360435 33.2977360435
999528 128 7941.0 7941.0 7941.0 32.2225372119 32.2225372119 32.2225372119 32.2225372119 32.2225372119 32.2225372119
1099480 64 4936.0 4936.0 4936.0 28.511636953 28.511636953 28.511636953 28.511636953 28.511636953 28.511636953
1209424 64 4781.0 4781.0 4781.0 32.3794754236 32.3794754236 32.3794754236 32.3794754236 32.3794754236 32.3794754236
1330360 64 5270.0 5270.0 5270.0 32.3123491461 32.3123491461 32.3123491461 32.3123491461 32.3123491461 32.3123491461
1463392 64 7179.0 7179.0 7179.0 26.0919593258 26.0919593258 26.0919593258 26.0919593258 26.0919593258 26.0919593258
1609728 64 8378.0 8378.0 8378.0 24.593600382 24.593600382 24.593600382 24.593600382 24.593600382 24.593600382
1770696 64 12144.0 12144.0 12144.0 18.6634624506 18.6634624506 18.6634624506 18.6634624506 18.6634624506 18.6634624506
1947760 64 14488.0 14488.0 14488.0 17.2082606295 17.2082606295 17.2082606295 17.2082606295 17.2082606295 17.2082606295
2142536 32 5632.0 5632.0 5632.0 24.347 24.347 24.347 24.347 24.347 24.347
2356784 32 5473.0 5473.0 5473.0 27.5596886534 27.5596886534 27.5596886534 27.5596886534 27.5596886534 27.5596886534
2592456 32 6137.0 6137.0 6137.0 27.0355522242 27.0355522242 27.0355522242 27.0355522242 27.0355522242 27.0355522242
2851696 32 7296.0 7296.0 7296.0 25.014877193 25.014877193 25.014877193 25.014877193 25.014877193 25.014877193
3136864 32 7007.0 7007.0 7007.0 28.6512481804 28.6512481804 28.6512481804 28.6512481804 28.6512481804 28.6512481804
3450544 32 7616.0 7616.0 7616.0 28.9961680672 28.9961680672 28.9961680672 28.9961680672 28.9961680672 28.9961680672
3795592 32 10408.0 10408.0 10408.0 23.3395357417 23.3395357417 23.3395357417 23.3395357417 23.3395357417 23.3395357417
4175144 32 10664.0 10664.0 10664.0 25.0571282821 25.0571282821 25.0571282821 25.0571282821 25.0571282821 25.0571282821
4592656 16 6094.0 6094.0 6094.0 24.1163426321 24.1163426321 24.1163426321 24.1163426321 24.1163426321 24.1163426321
5051920 16 6334.0 6334.0 6334.0 25.5228039154 25.5228039154 25.5228039154 25.5228039154 25.5228039154 25.5228039154
5557112 16 7061.0 7061.0 7061.0 25.1844758533 25.1844758533 25.1844758533 25.1844758533 25.1844758533 25.1844758533
6112816 16 8276.0 8276.0 8276.0 23.6358279362 23.6358279362 23.6358279362 23.6358279362 23.6358279362 23.6358279362
6724096 16 8923.0 8923.0 8923.0 24.1142073294 24.1142073294 24.1142073294 24.1142073294 24.1142073294 24.1142073294
7396504 16 10485.0 10485.0 10485.0 22.5739750119 22.5739750119 22.5739750119 22.5739750119 22.5739750119 22.5739750119
8136152 16 11605.0 11605.0 11605.0 22.4348870315 22.4348870315 22.4348870315 22.4348870315 22.4348870315 22.4348870315
8949760 8 5942.0 5942.0 5942.0 24.0989835072 24.0989835072 24.0989835072 24.0989835072 24.0989835072 24.0989835072
9844736 8 6772.0 6772.0 6772.0 23.2598606025 23.2598606025 23.2598606025 23.2598606025 23.2598606025 23.2598606025
10829208 8 7893.0 7893.0 7893.0 21.9520243254 21.9520243254 21.9520243254 21.9520243254 21.9520243254 21.9520243254
11912128 8 8874.0 8874.0 8874.0 21.4778057246 21.4778057246 21.4778057246 21.4778057246 21.4778057246 21.4778057246
13103336 8 8755.0 8755.0 8755.0 23.9467019989 23.9467019989 23.9467019989 23.9467019989 23.9467019989 23.9467019989
14413664 8 10192.0 10192.0 10192.0 22.6274160126 22.6274160126 22.6274160126 22.6274160126 22.6274160126 22.6274160126
15855024 8 11043.0 11043.0 11043.0 22.9720532464 22.9720532464 22.9720532464 22.9720532464 22.9720532464 22.9720532464
17440520 4 6172.0 6172.0 6172.0 22.6059883344 22.6059883344 22.6059883344 22.6059883344 22.6059883344 22.6059883344
19184568 4 6153.0 6153.0 6153.0 24.9433681131 24.9433681131 24.9433681131 24.9433681131 24.9433681131 24.9433681131
21103024 4 8400.0 8400.0 8400.0 20.0981180952 20.0981180952 20.0981180952 20.0981180952 20.0981180952 20.0981180952
23213320 4 8294.0 8294.0 8294.0 22.3904702194 22.3904702194 22.3904702194 22.3904702194 22.3904702194 22.3904702194
25534648 4 9132.0 9132.0 9132.0 22.3693806395 22.3693806395 22.3693806395 22.3693806395 22.3693806395 22.3693806395
28088112 4 10626.0 10626.0 10626.0 21.1467058159 21.1467058159 21.1467058159 21.1467058159 21.1467058159 21.1467058159
30896920 4 11428.0 11428.0 11428.0 21.6289254463 21.6289254463 21.6289254463 21.6289254463 21.6289254463 21.6289254463
33986608 2 5689.0 5689.0 5689.0 23.8963670241 23.8963670241 23.8963670241 23.8963670241 23.8963670241 23.8963670241
37385264 2 6503.0 6503.0 6503.0 22.9957029064 22.9957029064 22.9957029064 22.9957029064 22.9957029064 22.9957029064
41123784 2 8085.0 8085.0 8085.0 20.3457187384 20.3457187384 20.3457187384 20.3457187384 20.3457187384 20.3457187384
45236160 2 9360.0 9360.0 9360.0 19.3316923077 19.3316923077 19.3316923077 19.3316923077 19.3316923077 19.3316923077
49759776 2 8415.0 8415.0 8415.0 23.6528941176 23.6528941176 23.6528941176 23.6528941176 23.6528941176 23.6528941176
54735752 2 10478.0 10478.0 10478.0 20.895496087 20.895496087 20.895496087 20.895496087 20.895496087 20.895496087
60209320 2 10774.0 10774.0 10774.0 22.3535622796 22.3535622796 22.3535622796 22.3535622796 22.3535622796 22.3535622796
66230248 2 13227.0 13227.0 13227.0 20.0288041128 20.0288041128 20.0288041128 20.0288041128 20.0288041128 20.0288041128
72853272 1 6605.0 6605.0 6605.0 22.0600369417 22.0600369417 22.0600369417 22.0600369417 22.0600369417 22.0600369417
80138592 1 8149.0 8149.0 8149.0 19.6683254387 19.6683254387 19.6683254387 19.6683254387 19.6683254387 19.6683254387
88152448 1 9311.0 9311.0 9311.0 18.9351193212 18.9351193212 18.9351193212 18.9351193212 18.9351193212 18.9351193212
96967688 1 12270.0 12270.0 12270.0 15.8056541157 15.8056541157 15.8056541157 15.8056541157 15.8056541157 15.8056541157
106664456 1 12234.0 12234.0 12234.0 17.4373804152 17.4373804152 17.4373804152 17.4373804152 17.4373804152 17.4373804152
117330896 1 14679.0 14679.0 14679.0 15.9862246747 15.9862246747 15.9862246747 15.9862246747 15.9862246747 15.9862246747
129063984 1 16664.0 16664.0 16664.0 15.490156505 15.490156505 15.490156505 15.490156505 15.490156505 15.490156505

META_DATA
ERT_VERSION  1.1.0
HOSTNAME  ('426aee97ceeb', [], ['172.17.0.2'])
UNAME  ('Linux', '426aee97ceeb', '5.10.25-linuxkit', '#1 SMP Tue Mar 23 09:27:39 UTC 2021', 'x86_64', 'x86_64')
FLOPS          16
CONFIG  {'ERT_WORKING_SET_MIN': ['1'], 'ERT_CFLAGS': ['-Ofast', '-march=native'], 'ERT_CC': ['cc'], 'ERT_MPI_CFLAGS': [], 'ERT_MPI_LDFLAGS': [], 'ERT_MEMORY_MAX': ['134217728', '#', '128MB'], 'ERT_LDFLAGS': [], 'ERT_LDLIBS': [], 'ERT_RUN': ['./ERT_CODE'], 'ERT_FLOPS': ['1,4,16,64'], 'ERT_OPENMP_CFLAGS': ['-fopenmp'], 'ERT_MPI': ['False'], 'ERT_TRIALS_MIN': ['1'], 'ERT_DRIVER': ['driver1'], 'ERT_RESULTS': ['Sequential'], 'ERT_OPENMP': ['False'], 'ERT_KERNEL': ['kernel1'], 'ERT_GPU': [False], 'ERT_LD': ['cc'], 'ERT_NUM_EXPERIMENTS': ['1'], 'ERT_OPENMP_LDFLAGS': ['-fopenmp'], 'ERT_ALIGN': ['64'], 'ERT_GNUPLOT': ['gnuplot']}
TIMESTAMP_DATA  1619566437.83
