8 16777216 47187.0 47187.0 47187.0 5.68875868354 5.68875868354 5.68875868354 0.355547417721 0.355547417721 0.355547417721
16 8388608 23309.0 23309.0 23309.0 11.5163866318 11.5163866318 11.5163866318 0.719774164486 0.719774164486 0.719774164486
24 4194304 12130.0 12130.0 12130.0 16.5974107172 16.5974107172 16.5974107172 1.03733816983 1.03733816983 1.03733816983
32 4194304 14522.0 14522.0 14522.0 18.4847442501 18.4847442501 18.4847442501 1.15529651563 1.15529651563 1.15529651563
40 2097152 7211.0 7211.0 7211.0 23.266143392 23.266143392 23.266143392 1.454133962 1.454133962 1.454133962
48 2097152 10208.0 10208.0 10208.0 19.7224326019 19.7224326019 19.7224326019 1.23265203762 1.23265203762 1.23265203762
56 2097152 6675.0 6675.0 6675.0 35.1881683895 35.1881683895 35.1881683895 2.19926052434 2.19926052434 2.19926052434
64 2097152 7765.0 7765.0 7765.0 34.5699235029 34.5699235029 34.5699235029 2.16062021893 2.16062021893 2.16062021893
72 1048576 4083.0 4083.0 4083.0 36.9813725202 36.9813725202 36.9813725202 2.31133578251 2.31133578251 2.31133578251
80 1048576 4282.0 4282.0 4282.0 39.1807940215 39.1807940215 39.1807940215 2.44879962634 2.44879962634 2.44879962634
88 1048576 5569.0 5569.0 5569.0 33.1386920453 33.1386920453 33.1386920453 2.07116825283 2.07116825283 2.07116825283
96 1048576 6356.0 6356.0 6356.0 31.6750459408 31.6750459408 31.6750459408 1.9796903713 1.9796903713 1.9796903713
104 1048576 14558.0 14558.0 14558.0 14.9817150708 14.9817150708 14.9817150708 0.936357191922 0.936357191922 0.936357191922
112 1048576 5887.0 5887.0 5887.0 39.898254459 39.898254459 39.898254459 2.49364090369 2.49364090369 2.49364090369
120 1048576 6514.0 6514.0 6514.0 38.6334418176 38.6334418176 38.6334418176 2.4145901136 2.4145901136 2.4145901136
128 1048576 4166.0 4166.0 4166.0 64.434819011 64.434819011 64.434819011 4.02717618819 4.02717618819 4.02717618819
136 524288 2303.0 2303.0 2303.0 61.9219869735 61.9219869735 61.9219869735 3.87012418584 3.87012418584 3.87012418584
144 524288 1882.0 1882.0 1882.0 80.2311073326 80.2311073326 80.2311073326 5.01444420829 5.01444420829 5.01444420829
152 524288 1819.0 1819.0 1819.0 87.6215239142 87.6215239142 87.6215239142 5.47634524464 5.47634524464 5.47634524464
160 524288 2472.0 2472.0 2472.0 67.8689967638 67.8689967638 67.8689967638 4.24181229773 4.24181229773 4.24181229773
176 524288 2224.0 2224.0 2224.0 82.9808345324 82.9808345324 82.9808345324 5.18630215827 5.18630215827 5.18630215827
192 524288 6720.0 6720.0 6720.0 29.9593142857 29.9593142857 29.9593142857 1.87245714286 1.87245714286 1.87245714286
208 524288 2815.0 2815.0 2815.0 77.4791502664 77.4791502664 77.4791502664 4.84244689165 4.84244689165 4.84244689165
224 524288 5049.0 5049.0 5049.0 46.5203058031 46.5203058031 46.5203058031 2.9075191127 2.9075191127 2.9075191127
240 524288 4923.0 4923.0 4923.0 51.1188787325 51.1188787325 51.1188787325 3.19492992078 3.19492992078 3.19492992078
264 262144 1399.0 1399.0 1399.0 98.9364060043 98.9364060043 98.9364060043 6.18352537527 6.18352537527 6.18352537527
288 262144 1385.0 1385.0 1385.0 109.021620217 109.021620217 109.021620217 6.81385126354 6.81385126354 6.81385126354
312 262144 2714.0 2714.0 2714.0 60.2718703021 60.2718703021 60.2718703021 3.76699189388 3.76699189388 3.76699189388
336 262144 1822.0 1822.0 1822.0 96.6853830955 96.6853830955 96.6853830955 6.04283644347 6.04283644347 6.04283644347
368 262144 2516.0 2516.0 2516.0 76.6844133545 76.6844133545 76.6844133545 4.79277583466 4.79277583466 4.79277583466
400 262144 2739.0 2739.0 2739.0 76.5663380796 76.5663380796 76.5663380796 4.78539612997 4.78539612997 4.78539612997
440 262144 2973.0 2973.0 2973.0 77.5939186007 77.5939186007 77.5939186007 4.84961991255 4.84961991255 4.84961991255
480 262144 2383.0 2383.0 2383.0 105.60563995 105.60563995 105.60563995 6.60035249685 6.60035249685 6.60035249685
528 131072 1127.0 1127.0 1127.0 122.814580302 122.814580302 122.814580302 7.67591126886 7.67591126886 7.67591126886
576 131072 1452.0 1452.0 1452.0 103.991008264 103.991008264 103.991008264 6.49943801653 6.49943801653 6.49943801653
632 131072 1836.0 1836.0 1836.0 90.2369324619 90.2369324619 90.2369324619 5.63980827887 5.63980827887 5.63980827887
688 131072 1362.0 1362.0 1362.0 132.41928928 132.41928928 132.41928928 8.27620558003 8.27620558003 8.27620558003
752 131072 1641.0 1641.0 1641.0 120.129365021 120.129365021 120.129365021 7.50808531383 7.50808531383 7.50808531383
824 131072 1651.0 1651.0 1651.0 130.833831617 130.833831617 130.833831617 8.17711447608 8.17711447608 8.17711447608
904 131072 1627.0 1627.0 1627.0 145.653457898 145.653457898 145.653457898 9.10334111862 9.10334111862 9.10334111862
992 131072 2251.0 2251.0 2251.0 115.52503243 115.52503243 115.52503243 7.22031452688 7.22031452688 7.22031452688
1088 65536 1209.0 1209.0 1209.0 117.953958644 117.953958644 117.953958644 7.37212241522 7.37212241522 7.37212241522
1192 65536 1139.0 1139.0 1139.0 137.171048288 137.171048288 137.171048288 8.573190518 8.573190518 8.573190518
1304 65536 1286.0 1286.0 1286.0 132.906600311 132.906600311 132.906600311 8.30666251944 8.30666251944 8.30666251944
1432 65536 1395.0 1395.0 1395.0 134.548461649 134.548461649 134.548461649 8.40927885305 8.40927885305 8.40927885305
1568 65536 1609.0 1609.0 1609.0 127.732067122 127.732067122 127.732067122 7.98325419515 7.98325419515 7.98325419515
1720 65536 2104.0 2104.0 2104.0 107.150114068 107.150114068 107.150114068 6.69688212928 6.69688212928 6.69688212928
1888 65536 1817.0 1817.0 1817.0 136.193690699 136.193690699 136.193690699 8.51210566868 8.51210566868 8.51210566868
2072 32768 1077.0 1077.0 1077.0 126.082258124 126.082258124 126.082258124 7.88014113278 7.88014113278 7.88014113278
2272 32768 1168.0 1168.0 1168.0 127.480986301 127.480986301 127.480986301 7.96756164384 7.96756164384 7.96756164384
2496 32768 1688.0 1688.0 1688.0 96.9063127962 96.9063127962 96.9063127962 6.05664454976 6.05664454976 6.05664454976
2744 32768 1721.0 1721.0 1721.0 104.492030215 104.492030215 104.492030215 6.53075188844 6.53075188844 6.53075188844
3016 32768 2120.0 2120.0 2120.0 93.2342339623 93.2342339623 93.2342339623 5.82713962264 5.82713962264 5.82713962264
3312 32768 2509.0 2509.0 2509.0 86.510654444 86.510654444 86.510654444 5.40691590275 5.40691590275 5.40691590275
3640 32768 1807.0 1807.0 1807.0 132.014964029 132.014964029 132.014964029 8.2509352518 8.2509352518 8.2509352518
4000 32768 2107.0 2107.0 2107.0 124.415757 124.415757 124.415757 7.77598481253 7.77598481253 7.77598481253
4400 16384 1282.0 1282.0 1282.0 112.464274571 112.464274571 112.464274571 7.02901716069 7.02901716069 7.02901716069
4840 16384 1501.0 1501.0 1501.0 105.660972685 105.660972685 105.660972685 6.6038107928 6.6038107928 6.6038107928
5320 16384 1320.0 1320.0 1320.0 132.064969697 132.064969697 132.064969697 8.25406060606 8.25406060606 8.25406060606
5848 16384 1524.0 1524.0 1524.0 125.739674541 125.739674541 125.739674541 7.85872965879 7.85872965879 7.85872965879
6432 16384 1557.0 1557.0 1557.0 135.365302505 135.365302505 135.365302505 8.46033140655 8.46033140655 8.46033140655
7072 16384 2067.0 2067.0 2067.0 112.111899371 112.111899371 112.111899371 7.00699371069 7.00699371069 7.00699371069
7776 16384 1942.0 1942.0 1942.0 131.206986612 131.206986612 131.206986612 8.20043666323 8.20043666323 8.20043666323
8552 8192 2120.0 2120.0 2120.0 66.0924377358 66.0924377358 66.0924377358 4.13077735849 4.13077735849 4.13077735849
9400 8192 1216.0 1216.0 1216.0 126.652631579 126.652631579 126.652631579 7.91578947368 7.91578947368 7.91578947368
10336 8192 1251.0 1251.0 1251.0 135.36772502 135.36772502 135.36772502 8.46048281375 8.46048281375 8.46048281375
11368 8192 1527.0 1527.0 1527.0 121.973354289 121.973354289 121.973354289 7.62333464309 7.62333464309 7.62333464309
12504 8192 1546.0 1546.0 1546.0 132.513283312 132.513283312 132.513283312 8.28208020699 8.28208020699 8.28208020699
13752 8192 1836.0 1836.0 1836.0 122.719372549 122.719372549 122.719372549 7.66996078431 7.66996078431 7.66996078431
15120 8192 1892.0 1892.0 1892.0 130.933446089 130.933446089 130.933446089 8.18334038055 8.18334038055 8.18334038055
16632 4096 1028.0 1028.0 1028.0 132.538272374 132.538272374 132.538272374 8.28364202335 8.28364202335 8.28364202335
18288 4096 1224.0 1224.0 1224.0 122.398117647 122.398117647 122.398117647 7.64988235294 7.64988235294 7.64988235294
20112 4096 1214.0 1214.0 1214.0 135.714583196 135.714583196 135.714583196 8.48216144975 8.48216144975 8.48216144975
22120 4096 1467.0 1467.0 1467.0 123.522181322 123.522181322 123.522181322 7.72013633265 7.72013633265 7.72013633265
24328 4096 1521.0 1521.0 1521.0 131.028912558 131.028912558 131.028912558 8.18930703485 8.18930703485 8.18930703485
26760 4096 1828.0 1828.0 1828.0 119.922275711 119.922275711 119.922275711 7.49514223195 7.49514223195 7.49514223195
29432 4096 1963.0 1963.0 1963.0 122.825748344 122.825748344 122.825748344 7.67660927152 7.67660927152 7.67660927152
32368 4096 2610.0 2610.0 2610.0 101.593354789 101.593354789 101.593354789 6.34958467433 6.34958467433 6.34958467433
35600 2048 1546.0 1546.0 1546.0 94.3192755498 94.3192755498 94.3192755498 5.89495472186 5.89495472186 5.89495472186
39160 2048 1577.0 1577.0 1577.0 101.71170577 101.71170577 101.71170577 6.35698161065 6.35698161065 6.35698161065
43072 2048 1714.0 1714.0 1714.0 102.93052042 102.93052042 102.93052042 6.43315752625 6.43315752625 6.43315752625
47376 2048 1861.0 1861.0 1861.0 104.273023106 104.273023106 104.273023106 6.51706394412 6.51706394412 6.51706394412
52112 2048 2049.0 2049.0 2049.0 104.173134212 104.173134212 104.173134212 6.51082088824 6.51082088824 6.51082088824
57320 2048 2589.0 2589.0 2589.0 90.6847122441 90.6847122441 90.6847122441 5.66779451526 5.66779451526 5.66779451526
63048 2048 3513.0 3513.0 3513.0 73.5111323655 73.5111323655 73.5111323655 4.59444577284 4.59444577284 4.59444577284
69352 1024 1350.0 1350.0 1350.0 105.209552593 105.209552593 105.209552593 6.57559703704 6.57559703704 6.57559703704
76280 1024 1674.0 1674.0 1674.0 93.3222461171 93.3222461171 93.3222461171 5.83264038232 5.83264038232 5.83264038232
83904 1024 1669.0 1669.0 1669.0 102.957095267 102.957095267 102.957095267 6.43481845416 6.43481845416 6.43481845416
92288 1024 2819.0 2819.0 2819.0 67.0471174175 67.0471174175 67.0471174175 4.1904448386 4.1904448386 4.1904448386
101512 1024 2011.0 2011.0 2011.0 103.379699652 103.379699652 103.379699652 6.46123122824 6.46123122824 6.46123122824
111656 1024 2570.0 2570.0 2570.0 88.9772326848 88.9772326848 88.9772326848 5.5610770428 5.5610770428 5.5610770428
122816 1024 2777.0 2777.0 2777.0 90.5751415196 90.5751415196 90.5751415196 5.66094634498 5.66094634498 5.66094634498
135096 512 1579.0 1579.0 1579.0 87.611338822 87.611338822 87.611338822 5.47570867638 5.47570867638 5.47570867638
148600 512 1641.0 1641.0 1641.0 92.7278488726 92.7278488726 92.7278488726 5.79549055454 5.79549055454 5.79549055454
163456 512 1855.0 1855.0 1855.0 90.2312366577 90.2312366577 90.2312366577 5.63945229111 5.63945229111 5.63945229111
179800 512 2116.0 2116.0 2116.0 87.0109640832 87.0109640832 87.0109640832 5.4381852552 5.4381852552 5.4381852552
197776 512 2278.0 2278.0 2278.0 88.9036979807 88.9036979807 88.9036979807 5.55648112379 5.55648112379 5.55648112379
217552 512 2536.0 2536.0 2536.0 87.844340694 87.844340694 87.844340694 5.49027129338 5.49027129338 5.49027129338
239304 512 2767.0 2767.0 2767.0 88.5606418504 88.5606418504 88.5606418504 5.53504011565 5.53504011565 5.53504011565
263232 256 1547.0 1547.0 1547.0 87.1200930834 87.1200930834 87.1200930834 5.44500581771 5.44500581771 5.44500581771
289552 256 1839.0 1839.0 1839.0 80.6148036977 80.6148036977 80.6148036977 5.0384252311 5.0384252311 5.0384252311
318504 256 1944.0 1944.0 1944.0 83.8858271605 83.8858271605 83.8858271605 5.24286419753 5.24286419753 5.24286419753
350352 256 3270.0 3270.0 3270.0 54.8563376147 54.8563376147 54.8563376147 3.42852110092 3.42852110092 3.42852110092
385384 256 2597.0 2597.0 2597.0 75.978670774 75.978670774 75.978670774 4.74866692337 4.74866692337 4.74866692337
423920 256 3905.0 3905.0 3905.0 55.5818284251 55.5818284251 55.5818284251 3.47386427657 3.47386427657 3.47386427657
466312 256 3835.0 3835.0 3835.0 62.2559958279 62.2559958279 62.2559958279 3.89099973924 3.89099973924 3.89099973924
512936 256 3768.0 3768.0 3768.0 69.6983099788 69.6983099788 69.6983099788 4.35614437367 4.35614437367 4.35614437367
564224 128 2051.0 2051.0 2051.0 70.4248386153 70.4248386153 70.4248386153 4.40155241346 4.40155241346 4.40155241346
620640 128 2362.0 2362.0 2362.0 67.2666553768 67.2666553768 67.2666553768 4.20416596105 4.20416596105 4.20416596105
682704 128 2507.0 2507.0 2507.0 69.7136912645 69.7136912645 69.7136912645 4.35710570403 4.35710570403 4.35710570403
750968 128 2519.0 2519.0 2519.0 76.3190980548 76.3190980548 76.3190980548 4.76994362842 4.76994362842 4.76994362842
826064 128 3087.0 3087.0 3087.0 68.5041736314 68.5041736314 68.5041736314 4.28151085196 4.28151085196 4.28151085196
908664 128 4470.0 4470.0 4470.0 52.0398174497 52.0398174497 52.0398174497 3.2524885906 3.2524885906 3.2524885906
999528 128 4083.0 4083.0 4083.0 62.6694019104 62.6694019104 62.6694019104 3.9168376194 3.9168376194 3.9168376194
1099480 64 1885.0 1885.0 1885.0 74.6596498674 74.6596498674 74.6596498674 4.66622811671 4.66622811671 4.66622811671
1209424 64 2750.0 2750.0 2750.0 56.2931898182 56.2931898182 56.2931898182 3.51832436364 3.51832436364 3.51832436364
1330360 64 3507.0 3507.0 3507.0 48.5560536071 48.5560536071 48.5560536071 3.03475335044 3.03475335044 3.03475335044
1463392 64 3266.0 3266.0 3266.0 57.3527789345 57.3527789345 57.3527789345 3.5845486834 3.5845486834 3.5845486834
1609728 64 2819.0 2819.0 2819.0 73.0915870876 73.0915870876 73.0915870876 4.56822419298 4.56822419298 4.56822419298
1770696 64 3167.0 3167.0 3167.0 71.5658629618 71.5658629618 71.5658629618 4.47286643511 4.47286643511 4.47286643511
1947760 64 4298.0 4298.0 4298.0 58.0068124709 58.0068124709 58.0068124709 3.62542577943 3.62542577943 3.62542577943
2142536 32 2406.0 2406.0 2406.0 56.9918137988 56.9918137988 56.9918137988 3.56198836243 3.56198836243 3.56198836243
2356784 32 2954.0 2954.0 2954.0 51.0609939066 51.0609939066 51.0609939066 3.19131211916 3.19131211916 3.19131211916
2592456 32 2416.0 2416.0 2416.0 68.6743311258 68.6743311258 68.6743311258 4.29214569536 4.29214569536 4.29214569536
2851696 32 2943.0 2943.0 2943.0 62.0144559973 62.0144559973 62.0144559973 3.87590349983 3.87590349983 3.87590349983
3136864 32 3347.0 3347.0 3347.0 59.981863161 59.981863161 59.981863161 3.74886644756 3.74886644756 3.74886644756
3450544 32 4257.0 4257.0 4257.0 51.8756908621 51.8756908621 51.8756908621 3.24223067888 3.24223067888 3.24223067888
3795592 32 5141.0 5141.0 5141.0 47.2510966738 47.2510966738 47.2510966738 2.95319354211 2.95319354211 2.95319354211
4175144 32 6426.0 6426.0 6426.0 41.5825110489 41.5825110489 41.5825110489 2.59890694055 2.59890694055 2.59890694055
4592656 16 2813.0 2813.0 2813.0 52.24493139 52.24493139 52.24493139 3.26530821187 3.26530821187 3.26530821187
5051920 16 4241.0 4241.0 4241.0 38.1187078519 38.1187078519 38.1187078519 2.38241924075 2.38241924075 2.38241924075
5557112 16 3599.0 3599.0 3599.0 49.4102761878 49.4102761878 49.4102761878 3.08814226174 3.08814226174 3.08814226174
6112816 16 3971.0 3971.0 3971.0 49.2596605389 49.2596605389 49.2596605389 3.07872878368 3.07872878368 3.07872878368
6724096 16 7414.0 7414.0 7414.0 29.0222649042 29.0222649042 29.0222649042 1.81389155651 1.81389155651 1.81389155651
7396504 16 7687.0 7687.0 7687.0 30.7907022245 30.7907022245 30.7907022245 1.92441888903 1.92441888903 1.92441888903
8136152 16 7667.0 7667.0 7667.0 33.9581145168 33.9581145168 33.9581145168 2.1223821573 2.1223821573 2.1223821573
8949760 8 4199.0 4199.0 4199.0 34.1024434389 34.1024434389 34.1024434389 2.13140271493 2.13140271493 2.13140271493
9844736 8 4493.0 4493.0 4493.0 35.0580405075 35.0580405075 35.0580405075 2.19112753172 2.19112753172 2.19112753172
10829208 8 5307.0 5307.0 5307.0 32.6488275862 32.6488275862 32.6488275862 2.04055172414 2.04055172414 2.04055172414
11912128 8 5648.0 5648.0 5648.0 33.7454050992 33.7454050992 33.7454050992 2.1090878187 2.1090878187 2.1090878187
13103336 8 6356.0 6356.0 6356.0 32.9851126495 32.9851126495 32.9851126495 2.06156954059 2.06156954059 2.06156954059
14413664 8 7802.0 7802.0 7802.0 29.5589110484 29.5589110484 29.5589110484 1.84743194053 1.84743194053 1.84743194053
15855024 8 8351.0 8351.0 8351.0 30.3772463178 30.3772463178 30.3772463178 1.89857789486 1.89857789486 1.89857789486
17440520 4 4271.0 4271.0 4271.0 32.6677967689 32.6677967689 32.6677967689 2.04173729806 2.04173729806 2.04173729806
19184568 4 5082.0 5082.0 5082.0 30.2000283353 30.2000283353 30.2000283353 1.88750177096 1.88750177096 1.88750177096
21103024 4 5905.0 5905.0 5905.0 28.5900409822 28.5900409822 28.5900409822 1.78687756139 1.78687756139 1.78687756139
23213320 4 5801.0 5801.0 5801.0 32.0128529564 32.0128529564 32.0128529564 2.00080330977 2.00080330977 2.00080330977
25534648 4 6358.0 6358.0 6358.0 32.1291575967 32.1291575967 32.1291575967 2.0080723498 2.0080723498 2.0080723498
28088112 4 6937.0 6937.0 6937.0 32.392229494 32.392229494 32.392229494 2.02451434338 2.02451434338 2.02451434338
30896920 4 7697.0 7697.0 7697.0 32.1132077433 32.1132077433 32.1132077433 2.00707548395 2.00707548395 2.00707548395
33986608 2 4958.0 4958.0 4958.0 27.4196111335 27.4196111335 27.4196111335 1.71372569585 1.71372569585 1.71372569585
37385264 2 5457.0 5457.0 5457.0 27.4035286788 27.4035286788 27.4035286788 1.71272054242 1.71272054242 1.71272054242
41123784 2 5702.0 5702.0 5702.0 28.8486734479 28.8486734479 28.8486734479 1.80304209049 1.80304209049 1.80304209049
45236160 2 5685.0 5685.0 5685.0 31.8284327177 31.8284327177 31.8284327177 1.98927704485 1.98927704485 1.98927704485
49759776 2 6580.0 6580.0 6580.0 30.2491039514 30.2491039514 30.2491039514 1.89056899696 1.89056899696 1.89056899696
54735752 2 7514.0 7514.0 7514.0 29.1380101145 29.1380101145 29.1380101145 1.82112563215 1.82112563215 1.82112563215
60209320 2 7891.0 7891.0 7891.0 30.5205018375 30.5205018375 30.5205018375 1.90753136485 1.90753136485 1.90753136485
66230248 2 8137.0 8137.0 8137.0 32.5575755192 32.5575755192 32.5575755192 2.03484846995 2.03484846995 2.03484846995
72853272 1 4863.0 4863.0 4863.0 29.9622751388 29.9622751388 29.9622751388 1.87264219618 1.87264219618 1.87264219618
80138592 1 9652.0 9652.0 9652.0 16.6055930377 16.6055930377 16.6055930377 1.03784956486 1.03784956486 1.03784956486
88152448 1 15783.0 15783.0 15783.0 11.1705566749 11.1705566749 11.1705566749 0.698159792181 0.698159792181 0.698159792181
96967688 1 11806.0 11806.0 11806.0 16.426848721 16.426848721 16.426848721 1.02667804506 1.02667804506 1.02667804506
106664456 1 10235.0 10235.0 10235.0 20.8430788471 20.8430788471 20.8430788471 1.30269242794 1.30269242794 1.30269242794
117330896 1 12180.0 12180.0 12180.0 19.2661569787 19.2661569787 19.2661569787 1.20413481117 1.20413481117 1.20413481117
129063984 1 16251.0 16251.0 16251.0 15.8838205649 15.8838205649 15.8838205649 0.992738785306 0.992738785306 0.992738785306

META_DATA
ERT_VERSION  1.1.0
FLOPS          1
HOSTNAME  ('426aee97ceeb', [], ['172.17.0.2'])
UNAME  ('Linux', '426aee97ceeb', '5.10.25-linuxkit', '#1 SMP Tue Mar 23 09:27:39 UTC 2021', 'x86_64', 'x86_64')
CONFIG  {'ERT_WORKING_SET_MIN': ['1'], 'ERT_CFLAGS': ['-Ofast', '-march=native'], 'ERT_CC': ['cc'], 'ERT_MPI_CFLAGS': [], 'ERT_MPI_LDFLAGS': [], 'ERT_MEMORY_MAX': ['134217728', '#', '128MB'], 'ERT_LDFLAGS': [], 'ERT_LDLIBS': [], 'ERT_RUN': ['./ERT_CODE'], 'ERT_FLOPS': ['1,4,16,64'], 'ERT_OPENMP_CFLAGS': ['-fopenmp'], 'ERT_MPI': ['False'], 'ERT_TRIALS_MIN': ['1'], 'ERT_DRIVER': ['driver1'], 'ERT_RESULTS': ['Sequential'], 'ERT_OPENMP': ['False'], 'ERT_KERNEL': ['kernel1'], 'ERT_GPU': [False], 'ERT_LD': ['cc'], 'ERT_NUM_EXPERIMENTS': ['1'], 'ERT_OPENMP_LDFLAGS': ['-fopenmp'], 'ERT_ALIGN': ['64'], 'ERT_GNUPLOT': ['gnuplot']}
TIMESTAMP_DATA  1619566432.11
